0 -175.5 -13.0 1
0 105.5 14.5 1
0 121.0 78.5 0
0 47.0 -11.0 0
0 -180.0 -4.0 1
0 132.5 48.5 0
1 169.0 2.5 1
1 -114.5 -13.0 1
1 -109.5 84.5 0
1 -161.0 -90 0
1 -90.5 -54.0 0
1 -115.5 30.5 1
2 176.5 -12.5 1
2 125.5 1.0 1
2 85.0 -70.5 0
2 104.5 14.0 1
2 108.5 81.5 0
2 -94.5 -90 0
2 -114.0 29.0 1
3 -158.5 2.0 1
3 148.5 -18.0 1
3 145.5 79.0 0
3 78.0 -55.5 0
3 135.5 23.0 1
3 96.5 89.5 0
4 87.5 79.5 1
4 97.0 36.5 1
4 178.5 9.0 0
4 31.0 -6.5 0
4 3.0 -7.5 0
4 -40.0 7.0 0
4 -166.0 22.5 1
5 137.5 0.0 1
5 158.0 68.5 0
5 72.0 9.0 1
5 179.0 -90 0
5 -88.0 -3.5 1
5 -81.5 54.5 0
5 -166.0 12.0 1
6 -180.0 6.0 1
6 146.0 -16.5 1
6 64.0 53.0 0
6 74.0 90 0
6 -28.5 -38.5 0
6 -124.0 -90 0
6 -149.5 13.5 1
6 -79.5 24.0 1
7 -148.5 -2.0 1
7 -128.5 23.5 1
7 -152.5 82.5 0
7 76.5 2.0 1
7 67.0 -90 0
7 4.5 -45.0 0
7 -7.5 -18.0 0
8 -7.5 -18.0 0
8 -180.0 -39.5 0
8 82.0 -3.5 1
8 141.5 1.5 1
9 95.0 -8.0 0
9 77.5 -90 1
9 41.0 49.0 1
9 -56.5 10.0 1
9 -115.0 -27.5 1
9 -177.0 28.0 0
10 -177.0 28.0 0
10 176.0 -86.5 0
10 -175.5 -17.5 0
10 67.5 -90 1
11 1.5 90 1
11 -162.5 -7.0 0
11 150.5 2.5 0
11 47.5 -83.5 1
12 17.0 -87.5 0
12 -12.0 4.0 1
12 39.5 11.0 1
12 91.0 1.5 0
12 41.5 25.5 1
12 137.0 -14.5 0
12 -1.5 2.5 1
13 -16.5 90 0
13 -133.0 45.0 1
13 170.0 -16.0 1
13 168.0 -71.5 0
13 -101.0 6.0 0
14 143.5 -90 1
14 152.5 -53.0 1
14 -143.5 26.5 0
14 -103.0 -4.0 0
15 -103.5 22.0 0
15 -175.5 57.5 0
15 -166.0 6.5 1
15 149.5 -54.0 1
16 152.0 -52.5 1
16 151.0 -5.0 1
16 52.0 -6.0 0
16 -77.0 -43.0 0
17 -85.0 23.0 0
17 -168.0 -3.0 1
17 65.5 36.5 0
17 -1.5 90 0
18 81.5 46.5 1
18 162.0 -7.0 1
18 -140.0 -69.0 0
18 90.5 -0.5 0
18 117.0 14.5 1
19 172.0 1.5 1
19 105.5 34.5 0
19 78.0 -5.5 0
19 -174.0 -8.5 1
20 170.0 -28.5 1
20 89.5 3.5 0
20 14.5 -44.0 0
21 -60.5 -58.5 0
21 -104.0 89.0 0
21 -178.0 -21.0 1
22 157.5 -59.0 1
22 51.5 -1.0 0
22 152.5 -90 0
23 177.0 -16.5 1
23 144.5 -90 0
23 127.5 90 0
24 137.5 90 0
24 175.5 -33.5 1
25 175.5 -3.0 1
25 16.0 -56.0 0
25 134.0 14.0 1
26 134.0 14.0 1
26 64.5 -25.5 0
26 -4.0 -30.5 0
26 -10.0 -90 0
27 -13.5 90 1
27 -153.0 -70.0 0
27 -75.0 52.0 1
28 -108.5 3.0 1
28 1.0 -10.5 0
29 1.0 -10.5 0
29 -111.0 6.5 1
30 -87.0 2.5 1
30 -7.5 -5.5 0
30 3.5 -62.5 0
30 -106.5 39.0 1
31 -106.5 39.0 1
31 -102.0 90 1
31 -179.5 8.5 0
32 -179.5 8.5 0
32 -170.0 -83.0 0
32 95.0 -8.5 1
32 84.0 67.0 1
33 86.0 13.5 1
33 -178.5 -11.0 0
33 154.0 -85.5 0
34 47.0 85.0 1
34 -18.0 53.0 1
34 -113.5 -7.0 0
34 -82.0 26.5 1
35 -86.0 27.0 0
35 -92.0 46.0 1
35 -92.5 63.0 1
35 173.0 -61.5 0
35 120.0 -72.5 0
36 119.0 -77.5 0
36 95.5 10.5 1
37 86.0 52.5 1
37 83.0 90 1
37 133.5 -71.0 0
38 118.5 -9.5 1
38 -178.5 52.5 1
38 26.0 42.5 0
38 -74.0 22.0 0
39 -29.5 23.5 1
39 -43.0 -30.0 1
39 81.0 -13.0 0
39 93.5 27.0 0
40 120.0 31.0 1
40 -1.5 -44.0 0
40 -84.0 -13.5 1
40 -173.0 5.0 1
41 -173.0 5.0 1
41 1.5 -90 0
42 1.5 -90 0
42 167.5 -1.0 1
43 154.0 -57.0 1
43 89.0 9.5 0
44 98.5 -3.5 0
44 51.5 90 1
45 -177.5 18.0 1
45 34.5 31.5 0
46 129.5 27.0 1
46 164.5 -90 0
47 140.5 -41.0 1
47 42.5 -29.0 0
48 -74.5 43.0 1
48 1.5 -28.0 0
48 -6.0 -72.0 0
49 -6.0 -72.0 0
49 19.5 -14.5 0
49 41.0 83.0 1
49 -12.5 90 1
50 -97.5 11.0 1
50 -173.5 55.0 0
51 169.5 7.5 0
51 -6.5 90 1
52 2.0 90 0
52 -94.5 -5.0 1
53 178.0 -9.5 1
53 -141.0 -38.5 1
53 -108.0 -90 0
53 -74.5 85.5 0
54 -147.5 9.0 1
54 -121.5 80.0 0
55 -124.0 87.5 0
55 136.5 -7.5 1
56 136.5 -7.5 1
56 169.5 60.5 0
57 129.5 -12.5 1
57 34.0 -74.0 0
58 86.0 10.5 1
58 -3.0 -90 0
59 -90.5 -27.5 1
59 -129.0 -90 0
60 -109.5 -9.5 1
60 179.5 -82.0 0
60 -87.5 89.0 0
61 -87.5 89.0 0
61 -104.5 -8.5 1
61 154.5 -90 0
62 -83.0 -9.5 1
62 -157.5 -83.0 0
63 -106.5 -49.0 1
63 134.0 7.0 0
64 130.5 -8.0 0
64 -175.0 -68.0 1
65 -175.0 -68.0 0
65 -119.5 9.0 1
66 -112.5 42.5 1
66 -163.5 -90 0
67 169.0 -8.0 1
67 95.5 -0.5 0
68 99.5 -3.0 0
68 128.5 90 1
69 128.5 90 0
69 171.0 20.5 1
70 135.5 10.5 1
70 74.5 86.5 0
71 74.5 86.5 0
71 89.5 -2.5 1
72 72.5 48.5 1
72 16.0 90 0
73 16.0 90 1
73 72.5 0.5 0
74 92.5 1.5 1
74 2.5 -83.0 0
75 2.5 -83.0 0
75 -104.0 10.5 1
76 -104.0 10.5 1
76 171.0 -76.5 0
77 171.0 -76.5 1
77 -110.5 22.5 0
78 -110.5 22.5 1
78 -167.0 -33.5 1
78 92.5 -14.5 0
79 85.0 -8.5 0
79 162.5 -83.0 1
80 162.5 -83.0 1
80 119.5 0.0 0
81 89.0 -17.5 1
81 14.0 86.5 0
82 5.0 90 1
82 16.0 -30.5 0
83 16.0 -30.5 0
83 95.0 54.5 1
84 95.0 54.5 0
84 119.5 -90 0
84 87.5 -2.0 1
85 87.5 -2.0 1
85 -13.5 16.5 1
85 -57.0 75.0 1
85 -41.5 -53.5 0
86 -82.0 10.0 1
86 165.0 -90 0
87 94.0 18.5 1
87 10.0 90 0
88 -98.0 10.5 1
88 176.0 0.0 0
89 92.0 -2.0 1
89 2.0 -26.0 0
90 2.0 -26.0 0
90 89.5 53.0 1
91 89.5 53.0 1
91 -2.5 -5.5 0
92 -67.0 37.0 1
92 -1.0 -25.5 0
93 -30.0 90 1
93 -93.0 -2.5 0
95 -93.0 8.0 1
95 -85.0 90 0
96 -96.0 1.5 1
96 172.5 86.0 0
97 105.0 25.5 1
97 85.5 -84.5 0
98 85.5 -84.5 0
98 97.5 -9.0 1
99 97.5 27.5 1
99 133.5 90 0
100 133.5 90 0
100 93.5 18.5 1
101 99.5 24.0 1
101 94.0 90 0
102 92.0 90 0
102 92.0 40.0 1
103 92.0 40.0 1
103 -51.0 35.0 1
103 -19.5 -64.0 0
104 -18.0 90 1
104 20.5 -8.5 0
105 20.5 -8.5 0
105 -73.5 -4.5 1
106 -73.5 -4.5 1
106 -93.5 90 0
107 -93.5 90 0
107 -101.5 -0.5 1
108 -101.5 -0.5 0
108 -44.5 75.5 1
109 -43.5 90 1
109 -104.5 -7.0 0
110 -88.5 0.0 1
110 -179.0 -7.5 0
111 -179.0 -7.5 0
111 93.0 -4.5 1
112 48.0 -90 1
112 114.5 1.5 0
113 42.0 73.0 1
113 1.5 -2.5 0
114 1.5 -2.5 0
114 18.0 88.0 1
115 0.0 84.0 1
115 -82.5 46.5 1
115 6.0 -8.0 0
116 -63.5 59.5 1
116 0.0 -3.0 0
117 0.0 -3.0 0
117 53.0 80.5 1
118 38.0 90 1
118 -3.5 1.5 0
119 -3.5 1.5 0
119 -4.5 82.5 1
120 -4.5 82.5 1
120 10.0 -5.5 0
121 10.0 -5.5 0
121 1.0 90 1
122 1.0 90 1
122 -1.5 1.0 0
123 -1.5 1.0 0
123 5.0 90 1
124 5.0 90 1
124 -16.0 -8.0 0
125 178.5 -19.5 1
125 96.0 64.0 0
125 91.5 62.5 0
126 46.0 90 1
126 14.0 14.0 0
127 6.5 2.5 0
127 -5.0 90 1
128 -5.0 90 1
128 -155.5 3.5 0
129 -155.5 3.5 0
129 -38.5 90 1
130 -38.5 90 1
130 -0.5 -2.0 0
131 -0.5 -2.0 1
131 -83.0 -64.5 0
132 -109.5 -3.5 1
132 -103.0 90 0
133 -57.0 90 1
133 -2.5 -2.5 0
134 -2.5 -2.5 0
134 13.0 75.5 1
135 13.0 90 1
135 -3.0 1.5 0
136 -3.0 1.5 0
136 0.5 90 1
137 0.5 90 1
137 -21.5 8.0 0
138 170.5 -1.5 1
138 99.5 80.0 0
139 -3.0 89.5 1
139 2.5 0.5 0
140 10.0 90 0
140 -170.5 -25.0 1
141 -108.0 -5.5 1
141 -161.5 -90 1
141 179.5 5.5 0
142 180.0 -4.0 0
142 -171.5 90 1
143 -171.5 90 1
143 -178.0 0.0 0
144 -178.0 0.0 0
144 -175.5 90 1
145 -87.5 51.5 1
145 173.0 12.0 0
146 -104.5 -16.0 1
146 174.0 3.5 0
147 174.0 3.5 0
147 179.5 81.5 1
148 179.5 81.5 1
148 -172.5 -1.5 0
149 103.0 -8.0 1
149 -177.5 1.0 0
150 -177.5 1.0 0
150 -91.5 -17.5 1
151 -112.0 -90 1
151 0.5 -7.5 0
152 0.5 -7.5 0
152 -87.5 80.5 1
152 3.0 3.0 0
153 11.0 90 1
153 1.0 1.0 0
154 1.0 1.0 0
154 -7.0 90 1
155 -7.0 90 1
155 -2.0 -6.5 0
156 -2.0 -6.5 0
156 -9.0 81.5 1
157 -9.0 81.5 1
157 5.5 -1.5 0
158 5.5 -1.5 0
158 -3.5 90 1
159 -4.5 90 1
159 19.5 -1.0 0
160 -21.0 -26.5 0
160 92.5 5.5 1
161 0.5 -6.0 0
161 -6.0 90 1
162 82.5 50.0 1
162 0.0 -0.5 0
163 0.0 -0.5 0
163 -5.0 90 1
164 -5.0 90 1
164 -2.5 -6.5 0
165 -2.5 -6.5 0
165 2.0 89.5 1
166 2.0 89.5 1
166 1.0 -10.5 0
167 1.0 -10.5 0
167 40.0 90 1
168 -14.5 90 1
168 7.0 -13.5 0
169 7.0 -13.5 0
169 5.5 78.5 1
170 -27.5 88.0 1
170 3.5 -8.0 0
171 3.5 -8.0 0
171 -3.5 77.0 1
172 -3.5 77.0 1
172 -22.5 -7.0 0
173 -38.0 -1.0 0
173 -27.0 70.0 1
174 -6.5 3.5 0
174 -1.5 90 1
175 -1.5 90 1
175 2.0 -2.5 0
176 4.0 76.0 1
176 -4.5 -3.0 0
177 -4.5 -3.0 0
177 -124.5 90 1
178 -124.5 90 1
178 177.0 -14.0 0
179 177.0 -14.0 0
179 179.5 61.5 1
180 179.5 61.5 1
180 -174.0 -2.0 0
181 -174.0 -2.0 0
181 -171.5 76.5 1
182 -171.5 76.5 1
182 177.5 -1.0 0
183 177.5 -1.0 0
183 179.0 90 1
184 179.0 90 1
184 2.0 -1.0 0
185 12.0 90 1
185 -2.5 -5.0 0
186 -2.5 -5.0 0
186 -1.0 90 1
187 -130.5 -72.0 1
187 -99.0 -13.5 1
187 2.5 -8.0 0
188 2.5 -8.0 0
188 -1.5 88.0 1
189 -1.5 88.0 1
189 -4.0 -5.0 0
190 -4.5 -4.5 0
190 16.5 90 1
191 -50.5 90 1
191 0.5 -2.5 0
192 -1.0 78.5 1
192 -6.0 -3.5 0
193 92.0 21.0 1
193 2.5 3.0 0
194 -88.0 -8.5 1
194 0.0 -0.5 0
195 -0.5 -2.0 0
195 136.0 -72.0 1
196 68.5 75.0 1
196 2.0 0.5 0
197 2.0 0.5 0
197 -78.5 -12.0 1
198 -66.5 58.0 1
198 -8.0 -9.0 0
199 -8.0 -9.0 1
199 72.0 -90 0
200 72.0 -90 0
200 14.5 -6.0 1
201 169.0 12.0 1
201 106.5 -83.0 0
202 100.0 -90 1
202 178.0 -0.5 0
203 178.0 -0.5 0
203 -98.5 43.5 1
204 -27.5 74.5 1
204 -2.0 -10.0 0
205 -2.0 -10.0 0
205 5.0 82.5 1
206 -101.5 11.0 1
206 -12.0 -89.0 0
207 -33.5 90 1
207 -2.5 1.5 0
208 -2.5 1.5 0
208 -12.0 90 1
209 -12.0 90 1
209 -90.5 2.0 1
209 -0.5 0.5 0
210 -11.0 -3.0 0
210 -44.0 63.0 1
211 4.0 78.0 1
211 6.0 -9.0 0
212 6.0 -9.0 0
212 -2.0 90 1
213 -2.0 90 1
213 -1.5 4.5 0
214 -1.5 4.5 0
214 2.5 79.0 1
215 2.5 79.0 1
215 -2.5 -0.5 0
216 -2.0 9.0 0
216 -103.5 18.5 1
217 -98.0 -11.0 1
217 -18.0 87.0 1
217 0.5 -5.5 0
218 0.5 -5.5 0
218 -2.5 90 1
219 6.0 72.5 1
219 -1.5 -3.5 0
220 -3.0 90 1
220 -76.5 61.0 1
220 -3.0 -0.5 0
221 -3.0 -0.5 0
221 -2.5 86.5 1
222 -2.5 86.5 1
222 -5.5 0.5 0
223 -5.5 0.5 0
223 -93.0 -71.0 1
224 -90.5 57.5 1
224 0.0 -2.0 0
225 0.0 -2.0 0
225 -1.0 71.0 1
226 0.0 90 1
226 -70.0 36.0 1
226 6.0 0.5 0
227 6.0 0.5 0
227 10.5 90 1
227 -86.0 46.0 1
228 -86.5 78.5 1
228 -2.0 -7.0 0
229 -2.0 -7.0 0
229 0.0 87.0 1
230 0.0 90 1
230 1.5 0.0 0
231 -2.0 90 1
231 0.0 -1.5 0
232 0.5 90 1
232 0.0 7.0 0
233 -9.0 78.0 1
233 0.5 0.0 0
234 -3.5 88.5 1
234 -2.5 2.5 0
235 -2.5 2.5 0
235 8.0 90 1
236 -99.0 75.5 1
236 3.0 3.0 0
237 3.0 3.0 0
237 9.0 90 1
238 9.0 90 1
238 0.0 3.0 0
239 0.0 3.0 0
239 4.5 88.0 1
240 4.5 88.0 1
240 0.5 -1.0 0
241 0.5 -1.0 0
241 4.5 90 1
242 4.5 90 1
242 -3.5 4.0 0
243 -3.5 4.0 0
243 -5.0 83.0 1
244 -5.0 83.0 1
244 -2.0 -1.0 0
245 -2.0 -1.0 0
245 -1.5 66.5 1
246 -1.5 66.5 1
246 2.5 4.0 0
247 -1.0 2.5 0
247 -4.5 90 1
248 -4.5 90 1
248 -4.5 3.0 0
249 -4.5 3.0 0
249 4.0 89.5 1
250 4.0 89.5 1
250 1.5 6.5 0
251 1.5 6.5 0
251 -0.5 76.5 1
252 -1.0 90 1
252 -0.5 3.0 0
253 -0.5 3.0 0
253 -2.5 90 1
254 -2.5 90 1
254 -1.0 -2.5 0
255 -1.0 -2.5 0
255 3.0 90 1
256 -65.0 60.0 1
256 0.0 -1.5 0
257 0.0 -1.5 0
257 103.5 45.0 1
258 78.5 58.0 1
258 1.5 1.5 0
259 1.5 1.5 0
259 -88.5 0.0 1
260 -111.0 -34.5 1
260 -1.0 3.5 0
261 -1.0 3.5 0
261 -27.5 58.5 1
262 -16.0 90 1
262 -106.5 12.0 1
262 1.5 -2.5 0
263 1.5 -2.5 0
263 -49.5 18.0 1
264 -112.0 10.5 1
264 -29.5 66.0 0
265 -54.0 16.0 1
265 157.0 72.5 0
266 103.0 19.0 1
266 -0.5 -3.0 0
267 -17.0 -2.0 1
267 -2.5 -17.0 1
267 82.5 40.5 0
268 90.0 -4.0 1
268 10.0 -76.5 0
269 82.0 -7.5 1
269 -98.0 -1.0 1
269 7.0 5.0 0
270 14.0 12.0 0
270 -48.0 82.0 1
271 -48.0 82.0 1
271 9.0 5.5 0
272 9.0 5.5 0
272 -84.0 5.5 1
273 -90.5 -7.0 1
273 142.5 -90 0
274 178.5 10.0 1
274 -82.0 35.5 0
275 85.0 -3.5 1
275 -178.5 -33.5 0
276 87.0 -24.5 1
276 -173.0 63.0 0
277 153.5 -53.5 1
277 -84.0 -4.5 0
278 4.0 4.5 1
278 -12.0 -90 0
279 169.0 -2.5 1
279 90.5 -3.0 0
279 6.0 -80.0 0
280 -94.5 -90 1
280 -34.5 1.0 0
281 -101.5 -90 1
281 -129.5 -3.5 0
282 147.0 -15.0 1
282 -96.5 6.0 1
282 -72.0 -17.0 0
283 -72.0 -17.0 0
283 -104.0 2.0 1
284 -163.0 -78.5 1
284 -176.0 8.0 1
284 178.5 1.5 1
284 6.0 10.0 0
285 92.0 3.5 1
285 178.5 -58.5 0
286 157.0 90 1
286 148.0 -53.5 0
287 97.5 -10.0 1
287 -170.5 9.0 0
288 94.5 0.5 1
288 -178.0 -2.5 1
288 -42.5 -41.0 0
289 -6.0 -48.0 0
289 178.5 14.0 1
290 77.5 3.5 1
290 74.0 -69.0 0
291 30.5 90 1
291 6.5 0.0 0
292 6.5 0.0 0
292 -108.5 78.5 1
293 -108.5 78.5 1
293 171.5 14.5 0
294 171.5 14.5 0
294 172.0 90 1
295 151.5 90 1
295 130.5 -7.0 0
296 170.5 -9.0 0
296 172.0 77.5 1
297 154.0 90 1
297 176.5 -6.0 0
298 176.5 -6.0 0
298 165.5 90 1
299 -48.0 36.0 1
299 10.0 7.0 0
300 7.5 71.5 1
300 -40.5 -9.0 0
301 -2.0 90 1
301 118.5 14.0 0
302 118.5 14.0 0
302 65.5 5.5 1
303 92.0 35.0 1
303 3.0 -4.0 0
304 -5.0 -17.5 0
304 -72.5 24.5 1
305 -96.0 -2.0 1
305 3.5 -23.0 0
306 -65.0 10.5 1
306 -176.5 -28.0 0
307 -93.5 5.5 1
307 -8.5 -17.0 0
308 -84.0 -4.0 1
308 -85.5 90 1
308 6.0 8.0 0
309 -89.0 4.0 1
309 -93.0 90 1
309 10.5 9.0 0
310 10.5 9.0 0
310 -80.5 48.5 1
311 -72.5 39.0 1
311 7.0 -11.0 0
312 7.0 -11.0 0
312 59.0 45.0 1
313 59.0 45.0 1
313 -2.5 4.5 0
314 -3.0 -2.0 1
314 -84.0 -53.0 0
315 -125.0 -41.5 1
315 -145.5 13.5 0
316 -127.5 57.5 1
316 -128.5 -15.5 0
317 -85.5 18.0 1
317 -17.0 -27.5 0
318 -17.0 -27.5 0
318 48.0 78.0 1
319 -6.5 90 1
319 -6.5 11.5 0
320 -68.0 43.5 1
320 -94.5 -30.0 0
321 -52.0 60.0 1
321 -90.5 -33.0 0
321 99.0 3.0 1
321 84.5 90 1
321 -0.5 8.5 0
322 -0.5 8.5 0
322 -2.0 88.5 1
323 97.5 29.5 1
323 7.5 -5.5 0
323 -13.5 -17.0 0
324 177.0 6.0 1
324 -176.5 -86.5 0
325 -164.0 90 1
325 159.0 -5.5 0
326 148.5 59.0 1
326 -168.0 -7.5 0
327 -168.0 -7.5 1
327 151.0 2.0 1
327 0.5 0.0 1
327 -2.0 89.0 0
328 -20.0 90 1
328 14.5 5.0 0
329 -13.0 -87.5 1
329 -9.0 -11.0 0
330 -9.0 -11.0 1
330 -85.5 11.0 0
331 -118.0 90 1
331 -169.0 -10.0 0
332 131.5 34.0 1
332 -145.5 -26.5 1
332 -126.5 -90 0
333 -49.5 19.5 1
333 -70.0 -59.0 0
334 -51.5 76.5 1
334 -9.5 -12.5 0
335 76.0 56.5 1
335 10.5 -18.5 0
336 -40.0 -0.5 1
336 -52.5 -89.0 0
337 -1.5 -5.5 1
337 -45.5 -90 0
338 10.5 -32.0 1
338 0.5 -90 0
339 -7.0 -17.5 1
339 -14.0 -90 0
340 -77.5 65.5 1
340 -0.5 -11.5 0
341 7.0 82.5 1
341 -94.0 3.5 1
341 2.5 -18.5 0
342 2.5 -18.5 0
342 16.5 90 1
342 -94.5 16.0 1
343 9.5 -13.5 0
344 90.5 6.0 1
344 -2.0 2.0 0
345 86.0 58.5 1
345 7.0 -1.5 0
346 3.5 90 1
346 -1.5 -16.0 0
347 -1.5 -16.0 0
347 95.0 15.0 1
348 82.5 59.0 1
348 -4.0 -9.5 0
349 -2.5 82.0 1
349 -84.5 51.0 1
349 2.0 -1.0 0
350 3.0 83.0 1
350 -97.0 41.5 1
350 -11.5 -22.5 0
351 -11.5 -22.5 0
351 -33.5 -90 0
351 -55.0 90 1
351 -101.0 44.0 1
352 -22.0 89.0 1
352 -79.5 -49.0 0
352 3.5 -10.5 0
352 -10.0 90 1
353 -10.0 90 1
353 -56.5 60.5 1
353 -151.5 -41.5 0
353 2.5 -56.5 0
354 15.5 83.5 1
354 -80.0 55.5 1
354 176.5 -24.0 0
354 -98.0 -90 0
355 -75.5 30.0 1
355 -63.0 90 1
355 6.0 -10.0 0
355 54.0 -70.5 0
356 -136.0 -90 0
356 -170.5 -15.0 0
356 179.0 90 1
356 -92.5 39.0 1
357 -92.5 39.0 1
357 -92.5 90 1
357 170.0 -14.5 0
357 153.5 -90 0
358 177.0 -36.5 0
358 167.0 -90 0
358 -179.5 90 1
358 -95.0 43.0 1
359 -0.5 90 1
359 -169.5 -47.5 0
359 -180.0 -90 0
360 -176.0 -70.0 0
360 -81.0 83.0 1
360 -78.0 16.0 1
360 13.5 -24.5 0
361 13.5 -24.5 0
361 2.5 89.5 1
361 -85.0 44.0 1
361 -164.0 -28.5 0
361 119.5 -90 0
362 93.0 30.5 1
362 -1.0 -41.5 0
362 -180.0 -6.5 0
363 174.0 -44.0 0
363 74.5 -0.5 1
363 34.5 74.5 1
363 -13.5 -18.0 0
364 -13.5 -18.0 0
364 -1.5 86.0 1
364 -110.0 20.5 1
365 -12.0 90 1
365 77.0 26.0 1
365 -9.5 -17.0 0
365 -130.5 7.5 0
366 -89.5 68.0 1
366 -92.0 6.5 1
366 7.0 -20.5 0
366 -37.5 -90 0
367 -53.0 87.0 1
367 -103.0 26.5 1
367 2.5 -20.0 0
367 -13.5 -90 0
368 -73.0 50.0 1
368 -98.0 -47.5 0
369 -137.0 -26.5 1
369 143.5 -90 1
369 -37.0 -9.0 0
369 78.0 -9.5 0
370 78.0 -9.5 1
370 61.0 86.0 1
370 -4.5 -12.0 0
370 -16.0 -90 0
371 10.0 90 1
371 -119.0 40.5 1
371 9.0 12.0 0
371 -19.0 -90 0
372 170.5 -87.5 1
372 102.0 -23.0 1
372 -177.0 0.0 0
372 4.5 -3.0 0
373 -21.5 56.0 1
373 -92.0 18.0 1
373 2.5 -14.5 0
373 -6.0 -90 0
374 -6.0 -90 0
374 6.5 3.5 0
374 -2.5 90 1
374 -81.5 22.0 1
375 -81.5 22.0 1
375 83.5 31.0 1
375 13.0 -11.5 0
375 -60.5 -65.5 0
376 27.5 90 1
376 -56.0 64.5 1
376 -168.0 -16.0 0
376 179.5 -42.0 0
377 -156.5 -89.0 1
377 -102.5 -18.0 1
377 -169.5 36.5 0
377 170.5 67.0 0
378 -177.5 68.0 1
378 105.0 21.5 1
378 -178.5 -42.0 0
378 -131.5 -90 0
379 -161.5 -45.0 0
379 150.5 88.5 1
379 65.5 19.5 1
379 55.0 -74.5 0
380 67.5 90 1
380 60.0 -13.5 0
380 131.0 -19.0 0
381 93.5 49.0 1
381 -4.5 -7.5 0
381 13.5 -84.0 0
381 -89.5 4.0 1
382 -103.5 67.0 1
382 -1.0 -2.0 0
383 133.0 -19.5 1
383 135.0 -71.0 1
383 -179.5 -4.0 0
383 -7.5 -11.5 0
384 -73.0 90 1
384 -14.0 42.5 0
384 -75.5 -3.0 0
385 -26.5 90 1
385 -23.0 -19.0 0
386 -23.0 -19.0 0
386 94.0 17.5 1
387 1.5 90 1
387 2.5 2.5 0
388 2.0 6.0 0
388 89.5 -0.5 1
389 125.5 -34.0 1
389 179.5 -88.0 1
389 91.0 -1.5 1
389 -12.0 -0.5 0
390 -10.5 2.5 0
390 -89.0 28.5 1
390 -102.0 -87.0 1
390 13.5 -10.0 0
391 11.0 -5.0 0
391 12.0 90 1
391 -91.0 67.5 1
391 17.0 -32.5 0
392 7.0 -57.0 0
392 -6.0 90 1
392 1.0 -5.5 0
393 -1.0 90 1
393 11.0 -3.5 0
394 68.5 90 1
394 -4.5 -9.0 0
395 9.5 90 1
395 -2.0 -11.0 0
396 -5.0 90 1
396 0.0 -6.0 0
397 -10.0 88.0 1
397 4.5 3.0 0
398 -4.0 90 1
398 -118.5 -82.0 0
398 -15.0 -23.5 0
399 -114.5 -12.0 1
399 -129.0 54.5 1
399 -20.0 33.0 0
400 -11.5 90 1
400 -18.0 -15.0 0
401 -146.5 -38.0 1
401 -50.5 36.0 0
402 17.0 90 1
402 -9.5 5.5 0
403 -1.0 90 1
403 -0.5 0.5 0
404 7.5 90 1
404 15.0 -13.0 0
405 113.5 33.0 1
405 2.5 6.0 0
406 -10.0 90 1
406 33.0 -2.0 0
407 -6.0 90 1
407 2.0 -23.5 0
408 4.5 90 1
408 -9.5 -11.5 0
409 -157.5 -75.5 1
409 -43.5 -17.0 0
410 -43.5 -17.0 0
410 -151.0 -68.0 1
411 -147.5 -58.0 0
411 -144.0 -0.5 1
412 -158.0 -74.0 1
412 2.0 -7.0 0
413 2.0 -7.0 0
413 11.5 90 1
414 11.5 90 1
414 3.5 -3.0 0
415 3.5 -3.0 0
415 -83.5 82.5 1
416 -83.5 82.5 1
416 4.5 4.0 0
417 2.0 90 1
417 60.5 81.5 1
417 1.5 -4.5 0
418 43.0 90 1
418 6.0 0.0 0
419 -8.5 -9.5 0
419 79.0 46.0 1
420 98.5 46.0 1
420 4.0 8.0 0
420 -3.0 90 1
421 -3.0 90 1
421 -1.5 -0.5 0
422 -55.0 -70.5 1
422 -173.0 -3.0 0
423 -173.0 -3.0 0
423 -116.5 -44.5 1
424 -169.5 90 1
424 147.5 -90 0
425 123.5 -65.0 1
425 20.0 -37.5 0
426 -156.0 -74.5 1
426 -58.5 -8.0 0
427 -1.0 90 1
427 -5.5 -17.5 0
428 35.5 90 1
428 -14.5 -23.0 0
429 -10.0 -7.5 0
429 4.0 90 1
430 4.0 90 1
430 11.5 -8.0 0
431 90.5 7.0 1
431 127.5 -13.0 1
431 8.5 -34.5 0
432 8.5 -34.5 0
432 30.0 90 1
433 -39.5 90 1
433 -16.5 17.5 0
434 0.0 86.0 1
434 -1.0 -5.5 0
435 -8.5 90 1
435 -11.0 10.5 0
436 -14.0 90 1
436 4.0 -8.5 0
437 107.0 27.0 1
437 18.5 90 1
437 -5.0 -17.0 0
438 100.0 34.5 1
438 -7.0 -6.0 0
439 -139.5 -68.0 1
439 -62.5 -7.0 0
440 -47.0 90 1
440 95.0 9.5 1
440 -14.5 -8.0 0
441 -15.0 90 1
441 -100.5 -30.5 1
441 14.5 -16.0 0
442 15.5 90 1
442 -10.0 -1.0 0
443 -106.0 38.5 1
443 -16.0 17.0 0
444 111.0 69.0 1
444 -13.5 -39.0 0
445 -26.5 90 1
445 -108.0 19.5 1
445 -31.5 -47.5 0
446 -24.0 90 1
446 1.5 15.0 0
447 23.5 90 1
447 26.0 -9.0 0
448 86.0 -5.0 1
448 -46.0 11.5 0
449 31.5 90 1
449 -2.0 -0.5 0
450 -7.5 90 1
450 -6.5 90 1
450 -8.0 -15.0 0
451 -8.0 -15.0 0
451 -40.5 90 1
452 -40.5 90 0
452 -18.0 -90 0
452 -1.0 0.5 1
453 3.0 90 1
453 -86.5 50.5 1
453 -4.0 -18.5 0
454 -62.0 90 1
454 2.0 -22.0 0
455 0.5 -10.5 0
455 124.0 23.5 1
455 -3.5 -24.5 0
456 -3.0 -10.5 0
456 98.0 42.5 1
457 91.5 -1.0 1
457 -7.0 -0.5 0
458 -100.5 -43.0 1
458 -6.0 -9.5 0
459 6.5 -5.5 0
459 -99.5 -53.5 1
460 -92.5 27.0 1
460 6.5 -4.0 0
461 96.0 22.0 1
461 -17.5 -19.0 0
462 -17.5 -19.0 0
462 90.5 51.0 1
463 88.0 57.0 1
463 4.5 -12.0 0
464 17.5 76.0 1
464 -1.0 -10.5 0
465 -8.5 90 1
465 1.0 -2.0 0
466 -106.5 11.5 1
466 12.5 9.0 0
467 4.0 90 1
467 1.0 -3.0 0
468 -1.5 90 1
468 1.5 -5.0 0
469 -4.0 90 1
469 -3.0 -5.5 0
470 -84.5 0.0 1
470 -2.5 -0.5 0
470 0.5 63.0 0
471 -38.0 90 1
471 -1.5 -1.0 0
472 -5.0 90 1
472 -2.5 -2.0 0
473 113.5 69.0 1
473 -178.0 9.0 0
474 -178.0 9.0 0
474 -126.0 -42.5 1
475 -106.0 19.0 1
475 -42.0 6.0 0
476 -37.5 26.0 0
476 -110.5 27.5 1
477 -174.0 -86.5 1
477 -138.0 -90 1
477 -57.5 -5.0 0
478 122.5 12.5 1
478 -0.5 -4.0 0
479 4.0 90 1
479 -2.0 -9.5 0
480 -2.0 -9.5 0
480 2.0 90 1
481 -109.5 19.5 1
481 -26.5 20.5 0
482 -102.0 24.0 1
482 0.0 0.5 0
483 0.0 0.5 0
483 3.5 89.0 1
484 3.5 89.0 1
484 -4.0 -4.0 0
485 -4.0 -4.0 0
485 -93.5 90 1
486 -93.5 90 1
486 2.5 -4.0 0
487 2.5 -4.0 0
487 -86.5 38.5 1
488 -87.0 2.0 0
488 -130.0 77.5 1
489 -118.0 90 1
489 2.0 -3.0 0
490 2.0 -3.0 0
490 -3.0 90 1
491 -3.0 90 1
491 -1.5 1.5 0
492 -2.0 -2.0 1
492 0.0 89.5 0
493 0.0 89.5 1
493 -1.5 -4.0 0
494 -40.0 20.5 1
494 -43.5 -90 0
495 1.0 90 1
495 2.0 -0.5 0
496 2.0 -0.5 0
496 -1.5 90 1
497 -1.5 90 0
497 78.5 44.5 1
498 107.0 49.0 1
498 0.0 -4.5 0
499 0.0 -4.5 1
499 14.0 89.5 0
500 14.0 89.5 0
500 0.5 -2.5 1
501 0.5 -2.5 0
501 6.5 90 1
502 6.5 90 1
502 -1.5 -2.0 0
503 91.5 7.5 1
503 167.5 -4.0 0
504 178.5 -60.0 1
504 -46.0 -14.5 0
505 -17.0 2.5 1
505 -24.0 90 0
506 137.5 -35.5 1
506 -174.0 -90 0
506 -177.5 2.5 0
507 -177.5 -60.0 1
507 -111.0 0.5 0
508 -173.0 -63.5 1
508 -39.0 -1.0 0
509 -174.0 -43.0 1
509 -178.5 -90 1
509 -35.0 4.0 0
510 10.0 90 1
510 3.5 1.5 0
511 -4.5 90 1
511 -7.0 -11.5 0
512 -3.0 90 1
512 0.0 4.0 0
513 -147.0 -52.5 1
513 -37.0 -10.5 0
514 74.0 35.0 1
514 2.0 -2.0 0
515 2.0 -2.0 0
515 -4.0 90 1
516 94.0 3.0 1
516 -5.5 -5.0 0
517 -5.5 -5.0 0
517 -8.0 90 1
518 65.5 69.5 1
518 -1.5 -8.5 0
519 -95.0 6.0 1
519 0.0 -25.0 0
520 0.0 -25.0 0
520 -98.5 8.5 1
521 -110.5 -62.0 1
521 0.5 5.0 0
522 9.0 90 0
522 -64.5 90 0
522 -54.0 3.5 1
523 -12.5 90 1
523 89.0 0.0 1
523 -59.0 -16.0 0
524 -118.5 47.0 1
524 7.5 -10.5 0
525 -109.5 -29.5 1
525 -91.0 0.0 0
526 -22.5 -90 1
526 2.0 6.5 0
527 -87.5 -2.5 1
527 -69.0 1.5 1
527 167.0 0.5 0
528 -179.0 3.0 1
528 -167.0 -90 0
529 -164.0 -64.0 1
529 -0.5 -2.5 0
530 91.5 0.5 0
530 22.0 -34.5 1
531 -3.5 4.0 0
531 -91.5 34.5 1
532 -96.5 -7.0 1
532 -94.5 -90 0
533 62.5 -57.5 1
533 3.0 8.5 0
534 -175.0 -43.0 1
534 -2.0 -1.5 0
535 -4.5 90 1
535 -1.0 -11.5 0
536 -1.0 -34.0 1
536 70.5 90 0
537 109.5 87.5 1
537 -3.0 -3.0 0
538 -6.5 90 1
538 1.0 -2.0 0
539 -4.0 84.0 1
539 -4.0 -9.0 0
540 -6.5 90 1
540 1.0 -3.5 0
541 -1.0 90 1
541 5.0 4.0 0
542 92.5 -3.5 1
542 0.0 -3.5 0
543 4.5 90 1
543 -1.5 -4.5 0
544 -7.0 90 1
544 2.0 0.5 0
545 -12.0 90 1
545 2.5 -9.0 0
546 -85.0 -1.0 1
546 6.0 -5.5 0
547 -85.0 1.5 1
547 -4.5 -1.0 0
548 -91.5 28.0 1
548 -1.0 -12.5 0
549 1.5 90 1
549 4.0 -37.5 0
550 -17.0 -54.5 1
550 119.5 16.5 0
551 97.5 38.0 1
551 156.5 -90 0
552 99.5 53.0 1
552 113.5 -86.0 0
553 35.5 -23.5 0
553 32.0 90 1
554 32.0 90 1
554 39.5 -30.0 0
555 39.5 -30.0 0
555 85.0 64.0 1
556 101.0 22.0 1
556 2.0 -19.5 0
557 99.5 25.0 1
557 38.0 -63.5 0
558 98.5 -20.5 1
558 -98.0 -23.5 0
559 -60.0 78.0 1
559 0.0 -36.0 0
560 -115.5 0.0 1
560 -4.0 -28.5 0
561 -103.0 -61.5 1
561 -2.0 -8.5 0
562 -78.0 55.0 1
562 -77.5 -60.5 0
563 -85.0 36.5 1
563 10.0 -4.5 0
564 -0.5 90 1
564 -51.0 -23.0 0
565 -107.0 7.0 1
565 22.0 -39.5 0
566 0.0 84.0 1
566 -32.0 -16.5 0
567 84.0 64.5 1
567 7.0 -32.0 0
568 -30.0 56.0 1
568 -5.5 -50.5 0
569 -2.0 90 1
569 -66.5 -27.0 0
570 -52.0 77.5 1
570 11.5 -36.5 0
571 18.5 82.0 1
571 60.5 -31.5 0
572 41.0 86.0 1
572 5.0 -41.0 0
573 54.0 13.5 1
573 84.0 -90 0
574 58.0 -67.0 1
574 -171.5 -70.5 0
575 -11.0 -69.5 1
575 121.0 31.5 1
575 -94.0 -90 0
576 -21.5 -70.5 1
576 -124.5 14.0 0
577 -124.5 14.0 0
577 -30.0 -68.0 1
578 7.0 -69.0 1
578 -163.5 -16.0 1
578 -89.5 0.5 0
579 -88.5 71.0 0
579 -34.0 1.5 1
580 164.0 26.5 1
580 -145.0 -53.5 0
581 -180.0 -61.0 1
581 175.5 27.5 1
581 114.0 -1.5 0
582 114.0 -1.5 0
582 118.0 48.0 1
583 118.0 48.0 1
583 93.0 -0.5 0
584 93.0 -0.5 0
584 80.5 49.0 1
585 80.5 49.0 1
585 -91.0 -1.0 0
586 -91.0 -1.0 0
586 -114.0 60.0 1
587 178.0 -90 1
587 12.5 -1.5 0
588 7.0 -1.5 0
588 6.5 90 1
589 2.0 3.0 0
589 3.5 90 1
590 3.5 90 1
590 7.0 -4.0 0
591 8.0 65.0 1
591 -4.5 -29.0 0
592 -15.0 90 1
592 -2.5 -1.0 0
593 3.0 90 1
593 0.5 -0.5 0
594 2.0 90 1
594 0.5 -0.5 0
595 54.5 54.5 1
595 0.0 -4.0 0
596 0.0 90 1
596 0.0 3.0 0
597 57.0 58.0 1
597 -0.5 2.0 0
598 54.0 8.0 1
598 -80.0 -90 0
599 -87.5 -63.5 1
599 -76.5 90 0
600 -147.0 12.5 1
600 5.0 75.5 0
601 -177.5 -60.0 1
601 46.0 -11.5 0
602 54.5 90 1
602 -2.5 -14.5 0
603 89.5 13.5 1
603 -4.0 -27.5 0
604 -173.0 86.0 1
605 -87.5 25.5 1
605 3.0 -20.5 0
606 -10.5 90 1
606 29.0 5.5 0
607 82.0 4.0 1
607 1.0 -24.5 0
608 115.0 -17.0 1
608 5.0 -18.0 0
609 88.5 -4.5 1
609 1.5 -50.5 0
610 77.0 37.5 1
610 4.0 -16.5 0
611 4.0 90 1
611 20.5 3.5 0
612 100.0 -13.5 1
612 6.0 -25.0 0
613 -10.5 90 1
613 -37.5 -3.5 0
614 102.0 -1.0 1
614 1.5 -8.5 0
615 72.5 54.5 1
615 21.5 -15.5 0
616 45.0 90 1
616 11.0 2.5 0
617 53.0 66.5 1
617 0.0 1.0 0
618 -0.5 88.5 1
618 -1.0 -0.5 0
619 -3.5 90 1
619 -0.5 -3.0 0
620 -4.5 90 1
620 0.0 0.5 0
621 -5.5 90 1
621 -1.0 -1.0 0
622 -3.0 90 1
622 -0.5 -4.0 0
623 10.0 90 1
623 1.5 1.0 0
624 94.5 -9.0 1
624 -1.0 -15.5 0
625 -57.0 75.5 1
625 -82.0 -3.5 0
626 -65.5 78.5 1
626 -57.5 -0.5 0
627 -13.5 80.5 1
627 7.5 0.5 0
628 -25.0 77.0 1
628 -82.5 -1.5 0
629 -55.0 71.5 1
629 -84.0 -0.5 0
630 -89.0 78.0 1
630 -94.5 2.5 0
631 -94.0 89.5 1
631 -91.5 -5.0 0
632 -96.5 71.0 1
632 -99.0 -1.0 0
633 -105.0 72.0 1
633 -112.0 -6.0 0
634 -165.5 -11.0 1
634 -89.0 -2.5 0
635 -161.0 -7.0 1
635 -92.5 -27.5 0
636 -175.5 -33.5 1
636 -90.0 77.0 0
637 -177.5 -15.5 1
637 -92.5 2.5 0
638 -92.0 68.0 1
638 -22.5 -5.0 0
639 -29.0 71.0 1
639 -86.5 -2.0 0
640 -52.5 90 1
640 -9.0 -7.0 0
641 -171.0 -17.0 1
641 -153.0 90 0
642 22.0 11.0 1
642 -177.0 -90 0
643 94.0 -47.5 1
643 10.0 -20.5 0
644 94.0 -6.0 1
644 -6.5 -16.5 0
645 128.0 2.0 1
645 5.5 -51.5 0
646 -119.5 28.0 1
646 -23.5 -30.0 0
647 -139.5 17.0 1
647 -66.5 -35.0 0
648 16.0 53.5 1
648 -47.5 -13.5 0
649 2.5 90 1
649 -62.5 -0.5 0
650 -8.0 89.0 1
650 -56.0 -5.5 0
651 105.5 2.5 1
651 -0.5 51.5 0
652 -96.5 12.5 1
652 -86.5 86.5 0
653 -100.5 90 1
653 -117.5 1.5 0
654 -115.0 90 1
654 -118.5 0.0 0
655 -118.5 0.0 1
655 -104.5 87.0 0
656 -107.5 -0.5 1
656 -105.5 88.0 0
657 -87.0 6.0 1
657 -116.0 -88.5 0
658 -107.0 5.5 1
658 -113.5 -90 0
659 -96.5 -90 1
659 -113.5 -1.5 0
660 -116.5 -17.5 1
660 176.5 -90 0
661 -175.5 -1.0 1
661 -88.0 6.0 0
662 -172.0 -5.0 1
662 -90.0 23.0 0
663 -176.5 -27.5 1
663 -92.0 -16.5 0
664 -131.0 -80.0 1
664 -121.0 0.5 0
665 -121.0 0.5 1
665 162.5 -90 0
666 -138.5 -0.5 1
666 159.5 -90 0
667 159.5 -90 1
667 81.5 -53.5 0
668 81.5 -53.5 1
668 128.5 -90 0
669 100.0 -4.0 1
669 87.5 -90 0
670 87.5 -90 1
670 92.5 -0.5 0
671 92.5 -0.5 1
671 -8.0 -90 0
672 -3.0 -84.0 0
672 -100.0 -6.5 1
673 -116.5 90 1
673 -84.5 -2.0 0
674 -84.5 -2.0 1
674 -151.5 90 0
675 -91.0 89.5 1
675 -79.5 -0.5 0
676 -87.5 5.5 1
676 -99.0 90 0
677 -60.0 90 1
677 -88.0 -1.5 0
678 -88.0 8.0 1
678 -85.0 -90 0
679 -87.5 17.0 1
679 -57.0 -90 0
680 -69.5 7.5 1
680 -64.5 -88.5 0
681 8.5 1.5 1
681 -87.0 7.5 0
682 6.0 -2.5 1
682 -89.0 2.0 0
683 3.0 4.5 1
683 -34.5 -90 0
684 -32.5 90 1
684 92.0 -1.5 0
685 92.0 -1.5 1
685 9.0 -83.5 0
686 -9.0 4.5 1
686 -86.5 -10.0 0
687 -97.5 85.5 1
687 -160.5 1.5 0
688 -76.0 75.0 1
688 178.5 19.0 0
689 162.5 90 1
689 141.5 -4.5 0
690 140.5 69.5 1
690 177.0 -1.0 0
691 131.0 2.0 1
691 -179.0 0.0 0
692 -179.0 0.0 0
692 179.0 90 1
693 111.5 90 1
693 -179.5 -1.0 0
694 175.5 90 1
694 177.5 1.5 0
695 -100.0 -2.0 1
695 -112.0 -90 0
696 -137.5 3.0 1
696 -78.0 -90 0
697 -2.0 12.0 1
697 -13.0 -89.5 0
698 -11.5 -82.0 1
698 2.0 -2.0 0
699 26.5 -14.0 1
699 20.0 -87.5 0
700 48.5 -90 1
700 23.5 0.5 0
701 -79.0 -1.0 1
701 -67.5 -89.0 0
702 -65.0 3.0 1
702 -58.0 -90 0
703 -61.5 9.5 1
703 -58.0 -90 0
704 -98.5 -9.5 1
704 -114.5 -90 0
705 -114.5 -90 1
705 -3.0 -3.5 0
706 -3.0 -3.5 0
706 -2.0 90 1
707 -2.0 90 1
707 0.0 -4.5 0
708 -0.5 90 1
708 0.0 -1.5 0
709 -0.5 0.0 1
709 -9.5 -90 0
710 -10.0 -90 0
710 -8.5 -8.5 1
711 -8.5 -19.0 1
711 -2.5 90 0
712 -17.5 -14.0 1
712 -88.5 0.0 0
713 -90.0 1.5 1
713 -100.5 -90 0
714 -170.0 -31.0 1
714 -177.5 -90 0
715 178.5 16.5 1
715 173.0 -90 0
716 178.0 7.5 1
716 170.0 -88.0 0
717 177.5 -16.0 1
717 169.5 -90 0
718 168.0 -84.0 1
718 88.5 2.5 0
719 115.5 -17.5 1
719 120.0 90 0
720 106.5 82.0 1
720 -178.5 3.0 0
721 0.5 -23.5 1
721 0.5 -90 0
722 0.5 -90 0
722 -98.5 -21.0 1
723 172.0 1.0 1
723 -120.0 90 0
724 -81.0 90 1
724 -89.5 -1.0 0
725 -91.0 89.5 1
725 -91.5 -2.0 0
726 -91.5 -2.0 1
726 -89.0 90 0
727 -56.0 87.0 1
727 1.0 -1.0 0
728 0.5 -90 0
728 -102.0 -8.5 1
729 -93.0 -14.5 1
729 -180.0 -5.0 0
730 88.5 -15.5 1
730 -179.0 0.0 0
731 179.0 88.0 1
731 -177.5 0.0 0
732 -171.0 -21.5 1
732 179.0 -90 0
733 -120.5 10.0 1
733 -97.5 -90 0
734 -58.0 -50.5 1
734 1.5 -48.5 0
735 11.0 84.0 1
735 6.5 0.0 0
736 -95.0 0.0 1
736 -0.5 17.5 0
737 -76.0 -60.0 1
737 1.0 -52.0 0
738 -9.0 -35.5 1
738 87.0 33.5 0
739 77.5 46.5 1
739 52.5 -0.5 0
740 52.5 -0.5 0
740 67.5 90 1
741 53.0 39.5 1
741 -89.5 1.0 1
741 -177.0 5.5 0
742 178.5 90 1
742 168.0 -1.5 0
743 168.0 -1.5 0
743 161.5 90 1
744 161.5 90 1
744 164.0 -1.5 0
745 168.0 79.0 1
745 166.0 -7.5 0
746 165.0 87.5 1
746 163.0 -8.0 0
747 162.0 81.5 1
747 159.5 -1.5 0
748 158.5 82.0 1
748 161.0 -2.5 0
749 138.0 54.5 1
749 132.0 -38.5 0
750 178.5 -76.0 1
750 -176.0 -3.5 0
751 -176.0 -3.5 0
751 -175.0 -86.0 1
752 -150.0 -90 1
752 -174.5 -0.5 0
753 -176.0 -78.5 1
753 179.0 4.5 0
754 173.5 -90 1
754 -179.5 0.5 0
755 177.5 -76.5 1
755 179.5 0.5 0
756 -151.5 -72.5 1
756 -170.0 -3.5 0
757 -171.0 -83.0 1
757 -180.0 -1.5 0
758 176.0 -73.0 1
758 176.5 4.0 0
759 -174.0 90 1
759 176.0 4.5 0
760 172.0 -90 1
760 173.5 3.5 0
761 164.5 -90 1
763 145.5 39.0 1
763 16.5 1.0 0
764 -114.0 5.5 1
764 -11.5 -5.0 0
765 -174.5 -66.5 1
765 -56.0 -29.0 0
766 -119.5 -42.0 1
766 -176.5 -2.5 0
767 -4.0 90 1
767 -7.5 12.0 0
768 -13.0 90 1
768 -86.0 0.0 0
769 -51.5 90 1
769 -60.0 6.5 0
770 -57.0 85.0 1
770 -69.0 2.0 0
771 137.0 -1.5 1
771 -155.5 -52.5 0
772 81.0 -45.0 1
772 117.5 51.0 0
773 -134.0 -2.5 1
773 133.0 -35.0 0
774 122.0 -34.0 1
774 6.0 -31.0 0
775 103.5 24.0 1
775 -8.5 39.0 0
776 -8.5 39.0 0
776 -106.0 17.0 1
777 -105.5 17.0 1
777 -34.5 9.0 0
778 -34.5 9.0 0
778 -147.5 -57.0 1
779 -59.0 -9.5 1
779 -148.5 -40.0 0
780 -108.5 12.0 1
780 -23.0 9.0 0
781 -27.0 9.5 0
781 -148.5 -33.0 1
782 -116.5 11.0 1
782 -69.0 -5.5 0
783 -105.5 -4.0 1
783 -66.0 21.0 0
784 -54.5 5.0 0
784 -108.5 18.5 1
785 -106.5 26.5 1
785 -20.0 -5.5 0
786 -128.0 4.0 1
786 -22.0 -4.5 0
787 -121.0 6.5 1
787 -14.5 0.0 0
788 -125.5 -1.5 1
788 -13.0 -3.5 0
789 -134.0 10.5 1
789 -8.0 4.0 0
790 -136.5 -11.0 1
790 -14.0 -9.5 0
791 -128.5 19.5 1
791 -18.5 3.0 0
792 -143.0 22.5 1
792 8.0 -13.5 0
793 -112.5 36.0 1
793 -13.0 11.0 0
794 -135.0 45.0 1
794 -11.0 13.5 0
795 -133.5 -17.0 1
795 2.5 -12.5 0
796 -126.5 -12.0 1
796 -21.0 -4.0 0
797 -120.5 5.5 1
797 -28.0 2.5 0
798 -135.0 10.0 1
798 -24.5 1.5 0
799 -124.0 17.5 1
799 -23.0 7.0 0
800 -148.5 57.5 1
800 -16.0 20.0 0
801 -33.5 90 1
801 16.0 10.5 0
802 130.0 -49.0 1
802 180.0 -1.5 0
803 -179.5 1.0 0
803 98.0 -18.0 1
804 106.0 -23.0 1
804 -2.5 -1.0 0
805 -2.5 -1.0 0
805 91.0 2.0 1
806 118.0 -12.5 1
806 3.0 3.0 0
807 102.5 25.5 1
807 1.0 -15.0 0
808 102.0 16.0 1
808 1.5 0.5 0
809 105.0 20.0 1
809 1.0 -2.5 0
810 102.0 -49.0 1
810 13.5 -4.5 0
811 94.5 34.5 1
811 -2.0 5.0 0
812 82.5 20.5 1
812 0.0 2.0 0
813 76.5 46.0 1
813 3.5 -0.5 0
814 89.0 23.0 1
814 7.0 -1.0 0
815 78.0 26.0 1
815 4.0 -1.5 0
816 72.0 22.0 1
816 2.5 -2.0 0
817 61.5 31.0 1
817 1.0 -5.0 0
818 109.5 -52.0 1
818 4.5 -3.5 0
819 99.5 22.5 1
819 -3.5 11.5 0
820 97.0 24.0 1
820 0.5 -1.5 0
821 124.5 -43.5 1
821 4.0 -4.0 0
822 97.0 16.5 1
822 -1.5 -9.5 0
823 -137.5 -47.0 1
823 -13.0 -16.5 0
824 107.0 44.5 1
824 0.0 1.0 0
825 108.0 31.5 1
825 2.5 2.0 0
826 109.5 -17.5 1
826 9.0 6.5 0
827 -133.0 -59.5 1
827 163.5 1.0 0
828 179.5 -56.0 1
828 28.5 -5.0 0
829 111.0 6.5 1
829 90.5 -31.0 0
830 144.5 -71.5 1
830 5.0 -58.0 0
831 144.5 -38.5 1
831 36.0 -4.0 0
832 126.5 -7.0 1
832 17.0 -8.0 0
833 124.0 -5.0 1
833 46.5 -7.5 0
834 131.0 -12.5 1
834 107.0 32.5 1
834 44.5 5.0 0
835 45.0 7.5 0
835 134.5 12.0 1
836 130.0 21.0 1
836 74.5 -1.5 0
837 130.5 18.0 1
837 65.5 4.5 0
838 132.0 13.5 1
838 65.5 6.5 0
839 -143.0 -64.5 1
839 43.0 -75.0 0
840 -149.5 -63.5 1
840 61.5 -36.5 0
841 -156.5 13.5 1
841 117.0 10.5 0
842 119.5 10.0 1
842 63.0 6.5 0
843 137.0 -69.5 1
843 31.5 -26.5 0
844 116.0 54.5 1
844 90.0 -1.0 0
845 124.0 55.5 1
845 132.0 -7.0 0
846 170.5 90 1
846 175.0 3.5 0
847 -173.0 90 1
847 175.0 -5.0 0
848 -177.0 85.0 1
848 -180.0 -8.5 0
849 -176.5 90 1
849 169.5 -6.5 0
850 174.5 80.5 1
850 174.0 -4.0 0
851 -178.5 87.0 1
851 168.0 -6.0 0
852 178.5 76.5 1
852 171.5 -5.5 0
853 -175.5 79.5 1
853 169.5 -4.5 0
854 176.0 58.5 1
854 169.5 0.5 0
855 -164.0 74.5 1
855 -146.0 -1.5 0
856 -167.0 79.0 1
856 -142.5 -2.0 0
857 -170.0 82.5 1
857 -141.5 -0.5 0
858 -160.5 76.5 1
858 -151.0 3.5 0
859 -170.0 76.0 1
859 -174.0 -6.5 0
860 -131.5 38.5 1
860 178.0 -5.5 0
861 -155.0 76.5 1
861 174.0 -3.0 0
862 -145.0 8.5 1
862 179.5 -88.5 0
863 -176.0 -70.0 1
863 -167.0 2.5 0
864 178.0 -82.0 1
864 -176.0 -2.0 0
865 172.5 -77.5 1
865 179.5 -2.5 0
866 173.0 -78.5 1
866 179.5 0.0 0
867 172.5 -68.0 1
867 -177.0 0.0 0
868 175.0 -76.0 1
868 179.5 2.0 0
869 -129.0 -83.0 1
869 -176.5 1.0 0
870 -122.0 22.0 1
870 175.5 1.5 0
871 120.0 -3.0 1
871 -179.5 -0.5 0
872 119.0 37.0 1
872 -177.5 -0.5 0
873 114.0 36.0 1
873 -173.0 0.0 0
874 117.0 32.5 1
874 -178.5 -2.0 0
875 110.5 30.0 1
875 -170.0 3.5 0
876 125.0 29.0 1
876 -171.5 5.5 0
877 114.0 28.0 1
877 175.5 10.5 0
878 126.5 24.0 1
878 178.0 -2.0 0
879 135.0 26.5 1
879 180.0 1.0 0
880 135.0 18.0 1
880 173.0 1.0 0
881 138.0 17.0 1
881 -178.5 -2.0 0
882 -138.5 -36.5 1
882 177.0 -90 0
883 144.0 -48.0 1
883 -179.0 -2.0 0
884 -135.0 -38.5 1
884 175.5 -2.5 0
885 -122.5 -33.5 1
885 178.0 -5.0 0
886 -124.0 -41.0 1
886 157.0 90 0
887 -128.5 43.5 1
887 176.0 -1.0 0
888 -107.0 45.5 1
888 180.0 0.0 0
889 -118.0 31.5 1
889 178.0 3.5 0
890 -111.0 21.0 1
890 177.5 0.0 0
891 -103.5 35.0 1
891 -173.5 0.0 0
892 -103.5 90 1
892 -155.5 9.5 0
893 -126.0 45.5 1
893 -180.0 -0.5 0
894 -107.0 70.0 1
894 -171.5 8.5 0
895 -113.0 57.5 1
895 -172.0 5.0 0
896 -129.0 33.5 1
896 177.0 -1.0 0
897 -113.0 33.0 1
897 179.5 -0.5 0
898 -119.0 34.0 1
898 -176.5 -3.5 0
899 -123.0 19.5 1
899 179.0 -3.0 0
900 -124.5 12.0 1
900 179.0 0.5 0
901 -128.5 15.0 1
901 -178.0 4.0 0
902 -125.0 34.0 1
902 179.5 6.5 0
903 -102.0 37.0 1
903 -157.0 -2.5 0
904 -134.5 22.0 1
904 -179.5 2.5 0
905 -125.5 57.5 1
905 178.0 0.0 0
906 10.0 -10.5 1
906 -73.0 -13.0 0
907 -46.0 18.0 1
907 -78.5 90 0
908 -136.0 28.5 1
908 174.0 2.5 0
909 -121.0 28.5 1
909 -174.5 -3.0 0
910 -122.5 40.0 1
910 172.5 8.0 0
911 -104.0 33.0 1
911 -176.5 2.0 0
912 -93.0 37.5 1
912 176.5 -1.5 0
913 -111.0 35.5 1
913 179.0 1.0 0
914 -132.5 34.0 1
914 175.5 -4.5 0
915 -135.5 19.0 1
915 179.0 2.5 0
916 -116.5 32.5 1
916 179.5 1.5 0
917 -120.0 47.5 1
917 -177.0 6.5 0
918 -117.0 44.5 1
918 -174.0 0.5 0
919 -114.0 57.5 1
919 179.5 0.5 0
920 -117.0 29.5 1
920 -157.0 78.0 0
921 -128.0 60.5 1
921 -179.5 12.5 0
922 -119.0 52.5 1
922 -178.5 11.5 0
923 -115.5 30.0 1
923 -176.5 12.5 0
924 -108.5 43.5 1
924 -172.5 12.5 0
925 -115.5 37.0 1
925 -165.5 21.0 0
926 -117.5 25.0 1
926 -170.5 4.0 0
927 -102.5 35.5 1
927 -158.5 20.0 0
928 -137.5 48.0 1
928 179.0 -1.5 0
929 -115.0 20.0 1
929 -176.5 10.0 0
930 -116.5 29.0 1
930 -179.0 -0.5 0
931 -127.0 50.5 1
931 -179.0 -2.0 0
932 -134.5 43.5 1
932 176.5 -3.5 0
933 -111.5 47.5 1
933 -171.5 10.0 0
934 -135.0 61.0 1
934 177.0 9.5 0
935 -119.5 68.0 1
935 179.5 9.0 0
936 -116.5 77.5 1
936 -170.5 29.0 0
937 -121.0 67.5 1
937 174.5 4.0 0
938 -154.5 22.5 1
938 178.5 90 0
939 160.5 -56.5 1
939 88.0 90 1
939 6.0 -12.5 0
940 0.5 -3.0 0
940 90.0 63.5 1
941 126.0 -6.5 1
941 3.0 -4.0 0
942 121.0 12.0 1
942 4.5 -7.0 0
943 -7.0 -3.0 0
943 137.5 -15.0 1
944 127.0 -29.0 1
944 52.0 -18.0 0
945 125.5 23.5 1
945 4.0 24.0 0
946 95.5 27.5 1
946 5.0 -1.5 0
947 124.0 17.5 1
947 -4.5 0.5 0
948 97.0 41.0 1
948 0.0 -3.5 0
949 143.5 -46.5 1
949 19.0 3.5 0
950 118.0 35.0 1
950 0.0 4.5 0
951 117.5 36.5 1
951 8.0 16.0 0
952 -59.0 14.5 1
952 2.5 -26.0 0
953 105.5 12.0 1
953 1.5 -9.5 0
954 112.5 32.5 1
954 5.0 -10.0 0
955 5.0 90 1
955 -9.5 -23.0 0
956 -11.5 90 1
956 -3.5 -7.5 0
957 179.5 90 1
957 176.5 -5.5 0
958 -178.5 90 1
958 90.5 -15.0 0
959 -94.5 81.5 1
959 176.5 -3.5 0
960 -92.0 71.5 1
960 172.0 -5.5 0
961 7.5 -50.5 1
961 -179.0 -5.5 0
962 33.5 71.5 1
962 -14.0 -43.5 0
963 -173.0 -64.0 1
963 -94.0 28.5 1
963 -1.5 -2.5 0
964 -10.0 90 1
964 -5.5 -5.0 0
965 6.5 88.0 1
965 -6.5 9.0 0
966 -169.0 -64.5 1
966 -48.5 -9.0 0
967 -172.5 -10.0 0
967 -82.5 -19.5 1
968 -74.5 -5.5 1
968 -12.5 -67.0 0
969 -1.5 90 1
969 -46.0 10.5 0
970 -102.5 12.5 1
970 -6.5 -7.0 0
971 -20.5 89.0 1
971 -5.5 19.5 0
972 -3.5 85.0 1
972 -8.0 6.5 0
973 2.0 89.0 1
973 -10.0 -8.0 0
974 -4.0 78.0 1
974 9.5 -0.5 0
975 14.5 88.0 1
975 9.0 -5.5 0
976 9.0 82.5 1
976 -2.0 -19.0 0
977 -3.0 90 1
977 -6.5 -0.5 0
978 -0.5 90 1
978 -5.0 -4.5 0
979 -8.0 90 1
979 -3.5 0.0 0
980 -3.5 77.5 1
980 -11.0 -4.0 0
981 -12.5 77.5 1
981 -6.0 -7.5 0
982 -3.0 83.0 1
982 -3.0 1.0 0
983 -1.0 90 1
983 -0.5 7.5 0
984 2.5 90 1
984 -2.0 -12.0 0
985 -11.5 85.0 1
985 -4.0 -1.5 0
986 -12.0 -21.0 1
986 -10.5 88.0 0
987 -15.0 17.0 1
987 -14.5 -80.5 0
988 -16.5 90 1
988 3.5 -2.5 0
989 0.5 90 1
989 -7.0 5.5 0
990 -10.0 90 1
990 -7.0 3.5 0
991 -5.0 90 1
991 -4.5 1.5 0
992 0.5 90 1
992 -2.5 6.5 0
993 -1.0 90 1
993 1.0 -2.0 0
994 2.5 90 1
994 1.5 1.5 0
995 1.5 90 1
995 -9.5 -17.0 0
996 -2.5 90 1
996 -4.0 6.0 0
997 -5.5 90 1
997 -9.5 7.0 0
998 -4.0 90 1
998 -4.0 5.0 0
999 0.5 -89.5 1
999 -1.0 -6.0 0
1000 -5.5 90 1
1000 0.0 4.0 0
1001 2.5 90 1
1001 -2.0 0.0 0
1002 -5.0 90 1
1002 -7.0 10.0 0
1003 -11.0 90 1
1003 -2.5 6.0 0
1004 -3.0 90 1
1004 -3.0 13.5 0
1005 -1.0 87.5 1
1005 -5.0 2.0 0
1006 -6.0 90 1
1006 -6.0 4.5 0
1007 -0.5 90 1
1007 3.5 12.0 0
1008 0.5 90 1
1008 -0.5 16.5 0
1009 -4.5 79.0 1
1009 -3.5 1.0 0
1010 -6.0 81.0 1
1010 -1.5 11.0 0
1011 -3.0 82.0 1
1011 -0.5 15.5 0
1012 -0.5 90 1
1012 1.0 13.0 0
1013 1.0 90 1
1013 -1.0 5.5 0
1014 -2.0 90 1
1014 -2.0 14.0 0
1015 2.0 83.0 1
1015 1.5 9.5 0
1016 4.0 83.5 1
1016 -1.0 8.5 0
1017 -1.5 90 1
1017 -1.0 2.0 0
1018 0.5 84.5 1
1018 -0.5 6.0 0
1019 -0.5 81.0 1
1019 -1.0 4.5 0
1020 -4.0 84.0 1
1020 -4.0 13.0 0
1021 -8.0 74.5 1
1021 -6.0 14.0 0
1022 -2.0 90 1
1022 -5.5 10.0 0
1023 -8.5 90 1
1023 -8.0 11.0 0
1024 -3.5 86.5 1
1024 -4.0 11.0 0
1025 -2.0 85.5 1
1025 -5.5 8.5 0
1026 -3.5 90 1
1026 1.0 1.5 0
1027 -2.5 90 1
1027 -2.0 0.0 0
1028 -11.0 90 1
1028 2.0 -1.0 0
1029 -90.5 47.5 1
1029 -9.0 -4.5 0
1030 5.0 90 1
1030 -4.5 6.0 0
1031 -7.0 90 1
1031 -3.5 6.5 0
1032 -1.5 90 1
1032 -1.5 3.5 0
1033 -7.0 90 1
1033 -3.5 0.0 0
1034 -2.5 90 1
1034 -5.0 -5.5 0
1035 -6.0 90 1
1035 1.0 8.0 0
1036 -1.0 82.0 1
1036 0.0 -3.5 0
1037 -5.0 89.0 1
1037 -5.0 0.0 0
1038 -5.5 90 1
1038 -2.5 -3.5 0
1039 -7.5 87.0 1
1039 -4.5 -0.5 0
1040 -5.0 90 1
1040 -3.0 9.0 0
1041 -3.5 90 1
1041 1.5 1.0 0
1042 -7.0 90 1
1042 -3.0 1.0 0
1043 -4.0 90 1
1043 -4.5 14.0 0
1044 -11.0 90 1
1044 -2.5 5.0 0
1045 -4.0 90 1
1045 3.5 -8.0 0
1046 -7.5 90 1
1046 -1.5 2.0 0
1047 -5.0 90 1
1047 -2.0 5.0 0
1048 -6.0 82.0 1
1048 -2.5 11.5 0
1049 -2.5 90 1
1049 1.0 6.0 0
1050 2.0 90 1
1050 -0.5 -4.5 0
1051 -3.0 85.5 1
1051 -5.5 -2.0 0
1052 -6.0 88.0 1
1052 -3.0 6.5 0
1053 0.0 90 1
1053 5.5 1.5 0
1054 5.5 83.0 1
1054 1.5 -3.5 0
1055 0.5 86.0 1
1055 -2.0 8.5 0
1056 -6.0 88.5 1
1056 -4.5 2.5 0
1057 -1.5 90 1
1057 2.0 9.5 0
1058 50.0 -65.5 1
1058 -13.0 18.0 0
1059 -19.5 85.5 1
1059 -13.0 11.5 0
1060 -8.5 77.0 1
1060 4.0 -12.0 0
1061 -2.0 90 1
1061 -1.5 19.0 0
1062 12.0 77.5 1
1062 5.5 0.0 0
1063 5.5 90 1
1063 6.5 6.0 0
1064 3.0 90 1
1064 1.0 7.5 0
1065 -1.0 87.0 1
1065 -5.0 12.5 0
1066 -6.5 81.5 1
1066 -5.0 7.5 0
1067 -4.5 85.0 1
1067 -4.5 13.0 0
1068 -6.0 83.5 1
1068 -10.0 14.0 0
1069 -5.0 90 1
1069 -1.5 7.5 0
1070 4.0 90 1
1070 0.5 6.0 0
1071 -1.5 90 1
1071 -8.0 18.5 0
1072 -5.5 90 1
1072 81.0 45.0 1
1072 4.5 7.0 0
1073 1.0 90 1
1073 1.0 14.5 0
1074 3.0 90 1
1074 -1.0 2.5 0
1075 76.0 55.0 1
1075 0.5 -3.0 0
1076 82.5 4.5 1
1076 -9.0 5.0 0
1077 24.5 90 1
1077 -7.5 -2.5 0
1078 -13.0 88.5 1
1078 0.0 0.0 0
1079 -6.5 85.5 1
1079 -2.5 3.5 0
1080 -5.5 90 1
1080 1.5 -6.0 0
1081 -0.5 90 1
1081 0.5 9.5 0
1082 -3.0 90 1
1082 -2.0 5.5 0
1083 -1.5 90 1
1083 -1.0 15.5 0
1084 -1.0 90 1
1084 -2.0 6.5 0
1085 -5.5 90 1
1085 1.5 5.0 0
1086 -0.5 90 1
1086 -1.5 9.0 0
1087 -4.0 88.0 1
1087 -1.0 13.5 0
1088 -2.0 87.0 1
1088 -0.5 12.5 0
1089 -4.0 83.5 1
1089 0.0 0.0 0
1090 32.0 66.5 1
1090 45.0 -3.5 0
1091 -3.5 90 1
1091 -10.5 -11.0 0
1092 -60.0 33.0 1
1092 -1.0 -5.5 0
1093 10.0 63.5 1
1093 -8.0 4.5 0
1094 -6.0 81.0 1
1094 -5.0 10.0 0
1095 -2.5 90 1
1095 -4.0 6.5 0
1096 0.0 83.0 1
1096 -15.0 -19.0 0
1097 -12.5 90 1
1097 -1.5 -2.5 0
1098 -1.5 90 1
1098 -3.5 -3.5 0
1099 46.0 47.5 1
1099 0.0 0.5 0
1100 34.5 77.0 1
1100 -179.5 4.0 0
1101 -118.5 86.0 1
1101 -175.5 1.5 0
1102 -55.5 47.5 1
1102 -180.0 1.5 0
1103 -63.0 84.5 1
1103 -5.5 -1.0 0
1104 -65.0 79.0 1
1104 -4.0 1.0 0
1105 -77.0 90 1
1105 -88.5 2.0 0
1106 -61.0 71.5 1
1106 -83.5 -0.5 0
1107 -69.5 84.5 1
1107 -87.0 -2.5 0
1108 -83.0 82.5 1
1108 -109.0 2.0 0
1109 -96.5 80.0 1
1109 -21.0 0.5 0
1110 -83.0 5.0 1
1110 -1.5 -7.0 0
1111 -15.5 85.5 1
1111 -21.0 -0.5 0
1112 -13.0 74.5 1
1112 -19.0 0.0 0
1113 -14.5 -9.5 1
1113 -14.0 90 0
1114 -40.0 71.5 1
1114 -4.0 0.0 0
1115 -76.0 54.5 1
1115 -1.0 -1.0 0
1116 5.5 81.0 1
1116 1.0 -1.0 0
1117 3.0 -8.5 1
1117 -56.0 -87.0 0
1118 31.0 -10.5 1
1118 -92.5 -1.0 0
1119 119.0 -52.0 1
1119 -61.5 -15.5 0
1120 -106.5 22.5 1
1120 -12.0 -33.0 0
1121 23.0 54.5 0
1121 -18.0 -84.0 1
1122 -163.5 -40.0 1
1122 93.0 -2.0 0
1123 90.0 6.5 0
1123 7.0 27.0 1
1124 12.0 25.5 1
1124 102.0 -31.0 0
1125 102.0 -31.0 0
1125 89.0 -0.5 0
1125 -11.0 24.5 1
1126 -20.5 18.5 1
1126 93.5 -1.5 0
1127 -0.5 30.5 1
1127 90.5 0.5 0
1128 11.5 30.5 1
1128 86.5 -0.5 0
1129 120.5 15.0 1
1129 137.5 -62.0 0
1129 145.0 -86.5 0
1130 134.5 5.5 1
1130 137.0 44.5 1
1130 -162.5 -90 0
1131 -137.0 33.0 1
1131 -159.0 -66.5 0
1132 -161.0 25.5 1
1132 93.0 -8.0 0
1133 -137.0 29.5 1
1133 -90.5 -10.0 0
1134 -90.5 -10.0 0
1134 -148.0 27.0 1
1135 -135.0 34.5 1
1135 -89.0 -5.0 0
1136 -89.5 -3.5 0
1136 -126.5 41.0 1
1137 -128.0 41.0 1
1137 -84.5 -2.5 0
1138 -120.5 21.5 1
1138 96.0 -3.5 0
1139 140.5 33.5 1
1139 -89.5 -20.5 0
1140 -160.0 35.0 1
1140 -95.0 -90 0
1141 -107.5 28.5 1
1141 -90.5 -1.0 0
1142 -128.5 -8.5 1
1142 -92.0 88.5 0
1143 158.0 22.5 1
1143 -88.5 -4.0 0
1144 -54.0 32.0 1
1144 -179.0 2.5 0
1145 -128.5 39.0 1
1145 -124.5 -88.5 0
1146 -138.0 -4.0 1
1146 -179.5 -3.5 1
1146 177.5 -85.0 0
1147 177.5 3.0 1
1147 101.0 -0.5 0
1148 136.5 -16.0 1
1148 32.0 -57.5 0
1149 82.0 -26.5 0
1149 170.5 -28.0 1
1149 -175.0 1.0 1
1149 101.0 -6.5 0
1150 180.0 9.5 0
1150 178.0 -9.5 1
1150 -177.5 -82.5 0
1151 -174.5 25.0 1
1151 -173.5 -73.5 0
1152 -176.0 17.0 1
1152 176.5 -83.0 0
1153 173.0 9.0 1
1153 176.5 -90 0
1154 167.0 1.5 1
1154 167.5 -86.5 0
1155 170.5 -4.0 1
1155 175.0 -75.0 0
1156 176.5 8.5 1
1156 70.5 -65.0 0
1157 142.0 -21.5 1
1157 47.0 -23.5 0
1158 175.5 -6.0 1
1158 -103.5 -45.5 0
1159 -74.5 -79.5 0
1159 -168.0 -17.0 1
1160 -169.0 5.5 1
1160 -97.0 -26.5 0
1161 -168.0 -7.5 1
1161 -95.0 -42.5 0
1162 -113.5 76.0 1
1162 -179.5 -10.5 0
1163 177.0 18.0 1
1163 -105.0 -50.0 0
1164 -175.0 -25.0 1
1164 -93.5 -2.0 0
1165 -105.5 70.5 1
1165 -129.5 -3.0 0
1166 -136.0 -18.0 1
1166 -89.0 -15.0 0
1167 -173.5 2.0 1
1167 -105.0 -53.0 0
1168 -175.5 4.0 1
1168 -117.0 -73.0 0
1169 -170.0 12.5 1
1169 -121.5 -61.0 0
1170 -178.0 -6.0 1
1170 -126.0 -78.5 0
1171 -160.0 2.5 1
1171 -165.5 -85.0 1
1171 -92.5 -17.0 0
1172 -120.5 90 1
1172 -174.0 -2.5 1
1172 85.5 -4.5 0
1173 179.5 74.0 1
1173 -179.5 3.0 1
1173 87.5 12.5 0
1174 -179.5 -7.0 1
1174 58.5 50.0 0
1175 165.5 2.5 1
1175 27.0 -74.5 0
1175 93.5 -2.5 1
1176 171.5 4.0 1
1176 158.0 90 0
1177 172.5 90 0
1177 178.0 -18.5 1
1177 89.5 8.5 1
1178 176.5 9.0 1
1178 80.5 -6.5 1
1178 96.0 90 0
1179 99.0 89.0 0
1179 179.0 -9.5 1
1179 86.0 3.5 1
1180 172.5 -4.5 1
1180 113.5 83.0 0
1180 89.5 -8.5 1
1181 89.5 -8.5 1
1181 -176.5 -3.0 1
1181 60.0 49.0 0
1182 154.5 39.0 1
1182 58.0 -16.5 0
1183 73.5 -11.0 0
1183 -7.0 77.5 1
1184 4.0 -17.5 1
1184 83.5 15.5 0
1185 166.5 -13.5 1
1185 93.0 82.5 0
1186 107.0 83.5 1
1186 178.0 3.0 0
1187 174.5 -0.5 1
1187 102.0 -81.5 0
1188 164.5 -5.5 1
1188 87.0 -86.5 0
1189 159.0 -3.5 1
1189 96.0 -87.0 0
1190 174.5 7.5 1
1190 72.5 -90 0
1191 117.5 55.0 1
1191 178.5 -12.0 0
1192 170.5 -13.0 1
1192 -57.5 -28.5 0
1193 -53.5 -27.5 0
1193 176.5 0.0 1
1194 175.5 90 1
1194 -84.5 -20.0 0
1195 -85.0 -30.5 0
1195 -98.5 90 1
1196 -98.5 90 1
1196 -85.5 -24.0 0
1197 -177.5 5.0 1
1197 -62.0 73.0 0
1198 -60.5 68.5 0
1198 7.0 24.5 1
1199 -167.0 -2.0 1
1199 -92.0 -10.0 0
1200 -173.5 7.5 1
1200 -93.0 -88.5 0
1201 -164.5 -90 1
1201 -88.0 -7.0 0
1202 -177.5 -38.5 1
1202 -145.0 -81.5 0
1203 -103.0 90 1
1203 -167.0 2.5 0
1204 -174.0 -2.0 1
1204 -100.5 81.0 0
1205 -143.0 81.5 1
1205 -108.5 3.0 0
1206 -85.5 90 0
1206 170.0 14.0 1
1207 -179.5 -2.5 1
1207 -82.0 -1.5 0
1208 178.5 -4.5 1
1208 -88.0 59.5 0
1209 179.5 -2.0 1
1209 133.5 -62.5 0
1210 115.5 43.5 1
1210 -8.5 19.5 0
1211 -124.5 30.0 1
1211 49.5 -72.5 0
1212 49.5 -72.5 0
1212 166.5 -8.0 1
1213 -178.0 7.0 1
1213 75.5 -61.5 0
1214 175.5 -18.0 1
1214 115.0 -90 0
1215 102.0 -24.0 1
1215 94.5 -90 0
1216 -179.0 -23.0 1
1216 70.5 -82.0 0
1217 -168.5 -15.5 1
1217 95.5 -90 0
1218 -177.0 -20.5 1
1218 74.5 -90 0
1219 105.0 -30.0 1
1219 -54.5 -2.5 0
1220 4.5 -27.0 1
1220 6.5 -58.0 0
1221 -8.0 37.0 1
1221 93.0 1.0 0
1222 164.5 -90 1
1222 92.5 -2.5 0
1223 92.5 -2.5 1
1223 154.0 30.0 1
1223 -4.5 -81.0 0
1224 -153.0 24.5 1
1224 -87.5 -12.0 0
1225 -74.5 18.5 1
1225 -90.0 -7.5 0
1226 -175.0 -40.5 1
1226 -90.5 0.0 0
1227 -76.5 26.5 1
1227 123.0 -6.5 0
1228 123.0 -6.5 0
1228 126.5 90 1
1229 108.5 42.0 1
1229 179.5 -13.0 0
1230 -173.0 90 1
1230 -90.0 -0.5 0
1231 167.5 4.0 1
1231 -63.5 -20.5 0
1232 -63.5 -20.5 0
1232 -123.5 -34.5 1
1233 -114.5 -24.0 1
1233 -162.0 90 0
1234 -159.0 90 0
1234 -159.0 90 0
1234 -131.5 -12.0 1
1235 -139.5 -12.0 1
1235 175.0 -90 0
1236 179.0 -5.5 1
1236 -77.5 78.0 0
1237 -77.5 78.5 0
1237 176.0 10.0 1
1238 -111.0 90 0
1238 -148.5 -15.5 1
1239 -166.0 66.5 1
1239 -98.5 -13.0 0
1240 -170.0 -6.0 1
1240 -94.5 79.0 0
1241 -122.0 80.0 1
1241 -115.5 -18.0 0
1242 -120.5 -14.0 0
1242 -93.5 90 1
1242 -23.5 27.5 1
1243 -125.0 -35.0 1
1243 -26.5 78.0 0
1244 -180.0 -17.0 1
1244 -97.0 86.5 0
1245 172.5 -10.5 1
1245 -146.0 -29.5 1
1245 -10.5 -64.5 0
1246 -129.5 -9.0 1
1246 -86.0 -59.0 0
1247 -131.5 -37.5 1
1247 -71.5 -47.5 0
1248 174.5 -1.5 1
1248 84.5 -5.0 0
1250 141.5 -20.0 1
1250 77.5 -3.5 0
1251 168.0 -12.0 1
1251 125.5 17.5 1
1251 95.5 90 0
1252 66.0 90 1
1252 59.0 0.0 0
1253 9.0 36.5 1
1253 -87.5 -1.0 0
1254 54.0 -39.5 1
1254 -4.0 1.0 0
1255 177.0 -25.5 1
1255 92.0 -8.5 0
1256 -173.5 -18.0 1
1256 107.5 -87.5 0
1257 108.0 -90 1
1257 -173.0 2.0 0
1258 -142.5 32.5 1
1258 -116.5 -72.0 0
1259 -154.5 -90 1
1259 -126.5 4.0 0
1260 169.0 -5.5 1
1260 32.5 17.0 0
1261 43.5 90 1
1261 77.5 8.5 0
1262 176.0 81.0 1
1262 93.5 -0.5 0
1263 126.5 75.5 1
1263 106.0 10.0 0
1264 111.0 83.0 1
1264 77.5 6.0 0
1265 -11.5 4.5 1
1265 96.0 14.5 0
1266 103.0 82.5 1
1266 80.5 -3.0 0
1267 -176.5 25.0 1
1267 -115.0 17.0 1
1267 -91.5 -19.5 0
1268 -23.5 22.5 1
1268 2.0 0.0 0
1269 -32.0 30.0 1
1269 -37.5 0.5 0
1270 -39.0 38.5 1
1270 -66.5 2.0 0
1271 -66.5 2.0 0
1271 -25.5 11.0 1
1272 -38.0 27.5 1
1272 40.0 20.5 0
1273 -42.5 68.0 1
1273 -178.0 11.0 0
1274 -142.5 28.0 1
1274 131.5 -10.5 0
1275 130.5 -10.0 0
1275 -36.0 22.5 1
1276 -36.0 22.5 1
1276 -0.5 -2.0 0
1277 -0.5 -2.0 0
1277 -38.5 28.5 1
1278 -38.5 28.5 1
1278 103.0 11.5 0
1279 103.0 11.5 0
1279 35.5 35.0 1
1280 -18.0 41.5 1
1280 2.0 -2.0 0
1281 -35.0 31.5 1
1281 5.0 -0.5 0
1282 -23.5 27.0 1
1282 87.5 3.5 0
1283 -23.0 8.0 1
1283 -153.0 -66.5 0
1284 -144.0 -23.0 1
1284 -74.0 3.5 0
1285 160.5 -83.0 1
1285 -76.0 -1.0 0
1286 -76.0 -1.0 0
1286 -26.0 15.5 1
1287 -26.0 15.5 1
1287 93.0 -4.0 0
1288 93.0 -4.0 0
1288 -42.5 21.0 1
1288 1.5 -0.5 1
1288 93.5 12.5 0
1289 156.0 16.5 1
1289 -92.0 -3.0 0
1290 -92.0 -3.0 0
1290 -39.0 25.0 1
1290 -89.0 -1.5 0
1291 -133.5 23.5 1
1291 31.5 -5.5 0
1292 -45.0 12.5 1
1292 -87.0 35.0 1
1292 71.5 -12.0 0
1293 -156.0 90 1
1293 -152.5 32.5 1
1293 85.5 1.5 0
1294 85.5 1.5 0
1294 -164.0 20.5 1
1295 -164.0 20.5 1
1295 173.0 0.5 0
1296 -156.5 42.0 1
1296 -151.5 2.0 0
1297 -160.5 36.5 1
1297 -174.5 0.0 0
1298 -165.0 -19.0 1
1298 -58.0 -57.0 0
1299 163.0 -28.0 1
1299 80.0 -64.5 0
1300 146.5 -20.0 1
1300 -139.0 -88.5 0
1301 -153.0 -58.0 1
1301 -94.0 -90 0
1302 -100.0 -33.5 1
1302 179.5 75.0 0
1303 -153.5 -72.5 1
1303 -89.0 -5.0 0
1304 139.5 -17.0 1
1304 138.0 -90 0
1305 171.0 -72.5 1
1305 111.5 -3.5 0
1306 143.5 -6.5 1
1306 -55.0 -15.5 0
1307 -133.5 24.0 1
1307 -43.0 -55.0 0
1308 -126.0 -32.5 1
1308 -16.5 -58.0 0
1309 -16.0 -21.5 0
1309 91.5 85.5 1
1310 146.5 3.0 1
1310 143.5 -90 0
1311 83.5 -9.0 1
1311 -177.0 -4.0 0
1312 -175.0 -3.0 0
1312 118.5 -27.0 1
1313 -141.5 24.5 1
1313 151.0 90 0
1314 -176.0 41.5 1
1314 -147.5 28.0 1
1314 -124.5 -50.5 0
1315 -86.0 -66.0 0
1315 -60.5 29.0 1
1316 -60.5 29.0 1
1316 -39.5 -57.5 0
1317 -39.5 -57.5 0
1317 -39.5 42.5 1
1318 -39.5 42.5 1
1318 46.0 -25.5 0
1319 -38.0 34.5 1
1319 29.5 -40.5 0
1320 29.5 -40.5 0
1320 123.5 10.5 1
1321 123.5 10.5 1
1321 154.5 -90 0
1322 149.5 -90 0
1322 112.5 35.5 1
1323 157.5 -4.0 1
1323 94.5 -6.0 1
1323 11.5 -46.0 0
1324 -145.5 -25.5 1
1324 -87.5 4.5 1
1324 -9.5 -7.5 0
1325 -120.5 28.0 1
1325 -46.5 -56.0 0
1326 -150.0 -86.0 1
1326 179.0 -52.5 1
1326 70.0 -12.0 0
1327 108.0 34.5 1
1327 180.0 -0.5 0
1328 -120.0 20.5 1
1328 5.5 10.0 0
1329 111.5 -11.0 1
1329 -1.5 0.5 0
1330 133.5 -11.0 1
1330 133.5 -90 0
1331 119.5 -57.5 1
1331 6.0 -13.0 0
1332 146.0 -8.5 1
1332 10.0 68.5 0
1333 90.5 13.5 1
1333 105.5 -51.5 1
1333 -176.0 90 0
1334 -176.0 90 0
1334 99.5 18.5 1
1335 86.0 -28.5 1
1335 -134.5 -17.5 0
1336 -107.0 24.0 1
1336 -157.0 -90 0
1337 -165.0 -87.5 1
1337 -0.5 1.0 0
1338 84.0 64.0 1
1338 -1.0 -1.0 0
1339 86.5 -29.5 1
1339 -3.0 0.5 0
1340 81.5 8.0 1
1340 1.5 -1.0 0
1341 69.0 10.5 1
1341 3.0 -2.0 0
1342 85.0 32.0 1
1342 8.5 -7.5 0
1343 91.5 46.0 1
1343 0.5 18.5 0
1344 78.0 70.5 1
1344 -2.0 4.0 0
1345 67.5 52.0 1
1345 1.0 2.0 0
1346 -95.0 3.0 1
1346 -92.5 90 0
1347 83.5 2.0 1
1347 25.0 90 0
1348 98.5 1.5 1
1348 17.0 90 0
1349 131.0 64.5 1
1349 85.0 -2.5 0
1350 -147.5 5.0 1
1350 91.0 1.5 0
1351 98.5 2.0 1
1351 104.0 90 0
1352 97.0 83.0 1
1352 88.5 -3.0 0
1353 -104.0 -13.5 1
1353 176.0 -12.5 0
1354 -165.5 80.0 1
1354 -91.0 0.0 0
1355 -37.5 50.0 1
1355 29.5 -11.5 0
1356 100.5 81.0 1
1356 67.0 7.0 0
1357 -35.5 -52.0 1
1357 85.5 -7.0 0
1358 67.5 9.0 1
1358 115.0 -80.0 0
1359 65.0 -14.5 1
1359 -7.5 -90 0
1360 36.0 -44.5 1
1360 20.0 68.5 0
1361 42.0 -28.0 1
1361 51.0 75.5 0
1362 -4.0 -40.5 1
1362 99.0 1.5 0
1363 152.0 18.5 1
1363 -4.5 14.5 0
1364 147.5 25.5 1
1364 37.5 -9.5 0
1365 64.0 14.5 1
1365 88.5 -8.5 0
1366 121.5 22.0 1
1366 180.0 -11.0 0
1367 1.5 -4.5 1
1367 44.5 -90 0
1368 34.5 -31.0 1
1368 48.5 -89.5 0
1369 43.0 16.0 1
1369 90.5 -4.5 0
1370 95.5 90 0
1370 17.5 37.5 1
1370 28.0 90 0
1371 25.5 23.5 1
1371 53.5 87.5 0
1372 94.0 23.5 1
1372 -1.0 6.5 0
1373 75.5 28.5 1
1373 -9.0 5.0 0
1374 74.5 20.0 1
1374 1.0 5.5 0
1375 99.0 11.5 1
1375 5.0 37.0 0
1376 148.0 -65.5 1
1376 67.5 0.0 0
1377 -149.0 -72.0 1
1377 153.5 -90 1
1377 -175.0 -3.5 0
1378 -174.0 -90 1
1378 176.5 -10.5 0
1379 -176.5 -74.0 1
1379 0.0 -8.0 0
1380 -2.5 -84.0 1
1380 0.0 -0.5 0
1381 8.5 -90 1
1381 -177.0 -7.0 0
1382 173.0 -90 1
1382 176.0 -20.5 0
1383 180.0 -86.0 1
1383 177.5 -9.5 0
1384 -177.0 -40.5 1
1384 -173.5 5.5 0
1385 -170.5 -75.0 1
1385 -86.5 -1.5 1
1385 -3.0 9.5 0
1386 -2.5 2.5 0
1386 -87.0 19.5 1
1387 -89.5 11.5 1
1387 -133.5 31.0 0
1388 -1.0 0.0 1
1388 -102.5 20.5 1
1388 138.5 -44.5 0
1389 151.0 -42.0 0
1389 164.0 -2.5 1
1390 -141.5 -23.5 0
1390 -63.0 -3.0 1
1391 -38.5 31.0 1
1391 -108.0 51.5 0
1392 -168.5 16.5 1
1392 179.5 -0.5 0
1393 -178.5 -78.5 1
1393 82.5 -64.5 0
1394 121.0 -90 0
1394 94.0 -29.5 1
1393 -5.5 45.0 0
1393 -1.5 -34.5 1
1394 78.0 90 0
1394 86.0 -6.0 1
1395 -51.5 -7.0 1
1395 -84.5 -2.0 1
1395 -175.0 2.0 0
1396 -174.5 2.0 0
1396 -119.0 80.0 1
1397 178.5 -4.0 1
1397 -91.5 3.5 1
1397 -92.5 -90 0
1398 -98.5 -90 0
1398 -93.5 -1.0 1
1398 -164.5 13.0 1
1399 -7.5 -3.0 1
1399 -88.0 -12.0 1
1399 -100.0 81.0 0
1400 -100.5 90 1
1400 -99.0 21.0 1
1400 -175.0 0.0 0
1401 -157.0 14.5 1
1401 89.5 5.0 0
1402 177.0 14.0 1
1402 114.5 -89.5 0
1403 -178.5 -62.0 1
1403 -111.5 -50.5 1
1403 -89.5 -0.5 0
1404 -142.0 -61.5 1
1404 -90.5 -0.5 0
1405 -90.5 -0.5 0
1405 -143.0 28.5 1
1406 -4.0 -44.0 1
1406 -90.0 -1.0 0
1407 -3.0 35.0 1
1407 0.0 -1.5 0
1408 -134.0 23.0 1
1408 -116.0 87.0 0
1409 120.0 -4.0 1
1409 85.5 -88.5 0
1410 54.5 36.5 1
1410 87.0 -1.5 0
1411 174.0 -49.0 1
1411 86.0 -1.5 0
1412 152.0 -30.5 1
1412 83.0 -2.0 0
1413 115.5 8.0 1
1413 20.0 -27.0 0
1414 111.0 -16.5 1
1414 23.5 -53.0 0
1415 118.5 -21.0 1
1415 34.0 -59.0 0
1416 110.0 -32.0 1
1416 27.5 50.5 0
1417 129.5 -3.0 1
1417 5.5 5.0 0
1418 126.5 -0.5 1
1418 24.5 -40.5 0
1419 174.0 16.0 1
1419 92.0 -16.0 0
1420 137.0 -7.5 1
1420 37.0 -23.5 0
1421 66.5 32.5 1
1421 11.5 -48.0 0
1422 101.5 28.0 1
1422 1.0 -16.0 0
1423 129.5 19.5 1
1423 14.5 -61.5 0
1424 153.5 -32.0 1
1424 -28.5 -35.0 0
1425 -141.5 -5.0 1
1425 -71.0 -87.0 0
1426 -120.0 -62.5 1
1426 -120.0 -62.5 1
1426 -49.0 -22.5 0
1427 -135.0 -47.0 1
1427 -23.0 -14.5 0
1428 -126.0 -42.5 1
1428 -31.0 -6.5 0
1429 -161.5 -45.0 1
1429 -38.0 -6.5 0
1430 -158.5 -34.0 1
1430 -31.0 1.5 0
1431 -154.5 -34.5 1
1431 -33.5 -2.5 0
1432 -173.0 -51.0 1
1432 173.0 -90 1
1432 -18.5 -0.5 0
1433 170.0 -90 1
1433 -5.5 -0.5 0
1434 -91.5 -31.0 1
1434 -0.5 13.5 0
1435 -94.5 0.5 1
1435 1.5 -1.0 0
1436 -92.0 0.5 1
1436 0.0 0.5 0
1437 -83.5 76.5 1
1437 -41.5 3.0 0
1438 -105.5 90 1
1438 -29.0 9.0 0
1439 -112.0 69.0 1
1439 -18.5 -2.0 0
1440 -95.5 85.0 1
1440 -23.5 27.5 0
1441 -84.5 90 1
1441 -2.0 -14.0 0
1442 -95.5 -7.5 1
1442 -1.5 5.0 0
1443 -84.5 5.0 1
1443 2.5 1.0 0
1444 -87.0 13.5 1
1444 1.5 -9.5 0
1445 15.5 90 1
1445 -84.0 -1.0 0
1446 10.0 -0.5 1
1446 -90.0 -18.5 0
1447 -88.5 -9.0 1
1447 16.5 82.0 0
1448 -95.0 -10.5 1
1448 15.5 90 0
1449 15.5 90 0
1449 -99.0 24.5 1
1450 -45.5 90 0
1450 -92.0 19.5 1
1451 -79.0 88.0 0
1451 -92.0 6.5 1
1452 -83.0 74.0 0
1452 -89.5 0.0 1
1453 -90.0 -4.0 1
1453 -0.5 30.5 0
1454 -90.0 -10.5 1
1454 -2.0 18.5 0
1455 -85.5 5.5 1
1455 0.0 2.5 0
1456 -39.0 86.0 1
1456 -1.5 1.0 0
1457 -92.0 -8.5 1
1457 0.5 -7.0 0
1458 -17.0 81.0 1
1458 -6.0 -6.5 0
1459 -44.5 67.0 1
1459 -0.5 2.0 0
1460 -111.5 28.0 1
1460 9.0 -8.0 0
1461 -97.5 39.5 1
1461 -3.0 -13.0 0
1462 -92.5 42.0 1
1462 2.0 2.5 0
1463 -32.0 69.5 1
1463 20.0 7.5 0
1464 -79.0 24.5 1
1464 -9.5 -30.5 0
1465 -39.5 57.0 1
1465 14.5 14.0 0
1466 -91.0 38.5 1
1466 -6.0 -12.5 0
1467 -69.5 24.5 1
1467 -4.5 -19.0 0
1468 -18.5 24.5 1
1468 85.5 -36.0 0
1469 83.5 12.0 1
1469 3.0 -57.5 0
1470 103.5 2.5 1
1470 5.5 -64.5 0
1471 130.0 -48.0 1
1471 39.5 -20.5 0
1472 83.5 22.0 1
1472 -1.5 -11.0 0
1473 6.0 78.0 1
1473 90.0 0.5 0
1474 88.5 6.0 1
1474 180.0 -14.0 0
1475 180.0 -84.5 1
1475 -74.0 -1.5 0
1476 -99.0 2.5 1
1476 -95.5 90 0
1477 -112.5 90 1
1477 -88.5 -2.0 0
1478 -88.0 82.5 1
1478 -89.0 -1.0 0
1479 -85.5 76.5 1
1479 -91.5 -0.5 0
1480 -92.5 7.0 1
1480 -97.5 -86.5 0
1481 -92.0 8.0 1
1481 -99.0 -87.0 0
1482 -154.0 3.0 1
1482 -89.5 -7.0 0
1483 -103.0 9.5 1
1483 -78.5 -87.0 0
1484 -93.0 1.5 1
1484 -74.5 -87.5 0
1485 -112.0 -40.5 1
1485 -55.0 -90 0
1486 -91.5 17.5 1
1486 -93.5 2.5 1
1486 3.0 24.0 0
1487 -90.5 0.0 1
1487 -124.5 -14.5 1
1487 -3.5 -6.0 0
1488 -87.5 -2.5 1
1488 -121.5 19.0 1
1488 25.0 5.5 0
1488 -63.0 90 1
1488 177.0 -5.0 0
1489 177.0 -5.0 0
1489 157.5 -66.5 1
1489 95.0 -1.0 1
1489 13.0 -15.5 0
1490 160.0 -8.0 1
1490 157.0 73.5 0
1491 92.0 -0.5 1
1491 172.5 -4.0 0
1491 120.5 90 0
1491 9.5 -1.0 0
1492 9.5 -1.0 0
1492 94.0 2.5 1
1492 147.5 90 0
1492 -176.5 -85.5 0
1493 133.5 -40.5 1
1493 90.5 -3.5 1
1493 101.0 90 0
1493 -1.0 13.5 0
1494 -1.0 13.5 0
1494 91.0 2.0 1
1495 65.0 9.0 1
1495 -1.0 1.5 1
1495 18.0 -86.5 0
1496 17.5 -90 0
1496 13.0 -3.5 0
1496 95.0 -2.5 1
1497 165.0 -84.5 1
1497 -23.5 -4.0 0
1498 -93.0 1.0 1
1498 2.5 -2.0 0
1499 -180.0 89.0 1
1499 -85.0 4.5 0
1500 -94.5 0.0 1
1500 -19.5 -25.5 0
1501 -100.0 20.0 1
1501 -13.0 -59.5 0
1502 27.5 90 1
1502 43.5 33.0 0
1503 178.0 -30.5 1
1503 84.5 -0.5 0
1504 171.5 -34.5 1
1504 57.5 -77.5 0
1505 68.5 -67.0 0
1505 148.5 -25.0 1
1506 77.0 -90 1
1506 174.0 -8.0 0
1507 -146.0 1.5 1
1507 -129.0 90 0
1508 173.5 -0.5 1
1508 -89.0 1.0 0
1509 -139.5 -28.5 1
1509 -171.0 -2.0 1
1509 5.0 -6.5 0
1509 -0.5 87.0 0
1510 177.5 13.5 1
1510 -87.5 -0.5 1
1510 1.5 -90 0
1511 1.5 -90 0
1511 -177.5 -3.5 1
1512 -164.5 66.5 1
1512 -89.5 -4.0 0
1513 -90.0 66.0 1
1513 -90.0 -1.5 0
1513 -84.0 90 1
1513 -103.5 12.5 0
1514 -171.5 -9.0 1
1514 -107.5 -90 0
1515 179.0 -12.0 1
1515 -92.0 6.5 1
1515 12.5 90 0
1516 90.5 2.5 1
1516 -34.5 9.5 1
1516 -28.5 -90 0
1517 -94.0 6.0 1
1517 -76.5 88.0 0
1517 -2.5 23.0 0
1518 -93.0 3.5 1
1518 4.0 31.5 0
1518 1.5 90 1
1519 1.5 90 1
1519 -94.5 1.0 1
1519 0.5 -11.5 0
1520 -88.0 0.5 1
1520 -157.0 -84.0 0
1521 -119.5 -42.0 1
1521 -91.5 5.0 1
1521 -5.5 -16.5 0
1522 -93.5 -0.5 1
1522 -0.5 -19.0 0
1523 3.0 -69.0 1
1523 8.0 18.0 0
1524 3.0 18.5 0
1524 95.5 0.5 1
1525 89.5 0.0 1
1525 114.5 -80.5 0
1526 92.0 -1.5 1
1526 162.5 -23.5 0
1527 102.0 -48.5 1
1527 -168.5 5.0 0
1528 96.0 -17.0 1
1528 174.0 2.5 0
1529 91.0 0.0 1
1529 -1.5 8.5 0
1530 94.0 90 1
1530 -10.0 17.5 0
1531 28.5 90 1
1531 11.5 -3.5 0
1532 87.5 -0.5 1
1532 178.5 -21.5 0
1533 111.0 -10.0 1
1533 -179.0 -7.0 0
1534 92.5 -6.5 1
1534 176.0 90 1
1534 41.5 -68.5 0
1535 41.5 -68.5 0
1535 89.0 -1.0 1
1536 80.0 -90 1
1536 -122.5 -10.0 0
1537 -109.0 -11.0 1
1537 -83.5 90 0
1538 -83.5 90 1
1538 -94.5 -5.5 0
1539 -94.5 -5.5 1
1539 -4.5 -1.5 0
1540 -4.5 -1.5 0
1540 110.5 90 1
1541 91.5 -0.5 1
1541 1.0 -10.5 0
1542 89.5 2.0 1
1542 -1.0 -7.0 0
1543 91.5 61.0 1
1543 20.0 -3.0 0
1544 91.5 -1.0 1
1544 7.0 -28.5 0
1545 85.5 78.0 1
1545 20.5 -13.0 0
1546 -5.5 1.5 1
1546 91.5 -17.5 0
1547 152.5 -86.5 1
1547 6.0 -0.5 0
1548 6.0 -0.5 0
1548 21.0 -90 1
1549 21.0 -90 0
1549 87.0 -7.5 1
1550 89.5 -2.5 1
1550 -2.0 -20.5 0
1551 5.0 -1.0 0
1551 63.5 84.5 1
1552 63.5 84.5 1
1552 -36.0 -3.0 0
1553 36.0 85.0 1
1553 72.5 -1.0 0
1554 72.5 -1.0 0
1554 92.0 -26.0 1
1555 -4.0 -4.0 0
1555 148.0 -61.0 1
1556 147.5 -88.5 1
1556 46.5 -13.0 0
1557 46.5 -13.0 0
1557 138.0 -43.0 1
1558 144.5 -43.0 0
1558 125.0 -21.0 0
1559 122.0 36.0 1
1559 88.0 -0.5 1
1559 -9.0 4.0 0
1560 -25.5 22.0 1
1560 -91.0 -40.5 0
1561 -146.5 -22.5 1
1561 -91.0 1.5 1
1561 1.0 2.0 0
1562 23.0 90 1
1562 7.5 2.5 0
1563 -92.0 -0.5 1
1563 5.5 5.0 0
1564 -92.5 3.0 1
1564 -1.0 -11.5 0
1565 -129.5 23.0 1
1565 -50.0 -23.5 0
1566 -90.0 90 0
1566 -178.5 -3.5 1
1567 -89.5 -1.5 1
1567 -180.0 16.0 0
1568 -90.0 4.5 1
1568 177.0 -18.5 0
1569 172.5 -79.5 1
1569 -88.0 -2.5 0
1570 -96.5 1.0 1
1570 -73.0 -90 0
1571 -87.0 5.5 1
1571 -88.0 -90 0
1572 -97.5 2.0 1
1572 -100.5 -90 0
1573 -91.5 0.5 1
1573 -97.5 -89.5 0
1574 -85.0 4.5 1
1574 -2.5 -22.0 0
1575 -81.5 -5.5 1
1575 -4.0 -15.5 0
1576 -4.0 -7.0 0
1576 10.5 90 1
1577 -101.5 -11.0 1
1577 -5.5 -3.5 0
1578 -84.0 5.0 1
1578 -4.5 -11.5 0
1579 -95.0 -0.5 1
1579 19.5 3.0 0
1580 -10.5 -2.5 1
1580 73.5 -56.5 0
1581 88.5 -19.5 1
1581 168.0 -33.5 0
1582 95.0 -21.0 1
1582 179.0 -33.5 0
1583 96.5 0.5 1
1583 -175.0 -17.0 0
1584 -166.5 -86.5 1
1584 -91.0 0.5 0
1585 -93.0 -2.5 1
1585 4.5 6.5 0
1586 4.5 6.5 0
1586 85.0 2.0 1
1587 86.0 5.0 1
1587 7.5 36.5 0
1588 7.5 36.5 0
1588 95.0 -3.0 1
1589 104.5 90 1
1589 178.5 10.0 1
1589 1.0 23.5 0
1590 1.0 23.5 0
1590 178.0 5.0 1
1591 177.0 -7.0 1
1591 118.5 -12.5 1
1591 -24.0 -13.5 0
1592 11.5 -8.5 0
1592 164.0 -5.0 1
1592 -179.5 -50.5 1
1593 -179.0 -48.5 1
1593 179.5 5.5 1
1593 -37.5 -2.0 0
1594 171.5 5.5 1
1594 26.0 2.0 0
1595 -26.5 2.0 0
1595 132.0 -37.0 1
1595 178.0 -3.5 1
1596 177.5 -4.5 1
1596 -4.0 -29.5 0
1597 -176.0 -23.0 1
1597 179.0 6.0 1
1597 -9.5 -2.0 0
1598 26.0 90 1
1599 9.5 82.5 1
1599 -1.0 5.0 0
1600 -1.0 5.0 0
1600 19.0 90 1
1601 19.0 90 1
1601 1.0 0.5 0
1602 1.0 0.5 0
1602 37.5 90 1
1603 37.5 90 1
1603 -7.0 0.5 0
1604 -7.0 0.5 0
1604 95.0 -2.0 1
1605 95.0 -2.0 1
1605 6.0 -5.0 0
1606 6.0 -5.0 0
1606 84.0 74.0 1
1607 84.0 74.0 1
1607 -1.0 -3.0 0
1608 -1.0 -3.0 0
1608 94.5 39.5 1
1609 94.5 39.5 1
1609 6.0 -1.5 0
1610 6.0 -1.5 0
1610 90.0 33.5 1
1611 88.5 90 1
1611 84.5 1.5 0
1612 84.5 1.5 0
1612 5.0 -2.5 1
1612 5.0 -2.5 0
1612 77.0 1.0 1
1613 77.0 1.0 1
1613 3.0 -3.5 0
1614 -4.5 1.5 0
1614 86.5 2.0 1
1615 108.0 -27.5 1
1615 8.0 90 0
1616 29.5 90 1
1616 -11.0 22.5 1
1616 -90.5 0.5 0
1617 -90.5 0.5 0
1617 -9.0 -8.0 1
1617 -13.0 89.0 1
1618 -13.0 89.0 0
1618 88.0 16.5 1
1619 90.0 -1.0 1
1619 111.5 88.0 0
1620 97.5 -4.5 1
1620 0.0 -22.0 0
1621 143.0 22.0 1
1621 83.5 -88.5 0
1622 86.5 -6.0 1
1622 1.5 -27.0 0
1623 91.0 -87.5 1
1623 -107.5 -12.0 0
1624 172.0 -78.0 1
1624 23.5 -16.0 0
1625 81.5 2.5 1
1625 -4.5 -34.5 0
1626 -6.5 -56.5 1
1626 -168.0 -6.0 0
1627 -167.0 -67.5 1
1627 76.5 -79.0 0
1628 119.0 -37.0 1
1628 -9.5 1.0 0
1629 87.0 37.5 1
1629 7.0 -2.5 0
1630 107.5 20.5 1
1630 21.5 0.0 0
1631 103.5 9.0 1
1631 7.5 -7.0 0
1632 -94.0 -14.0 1
1632 -6.5 -37.0 0
1633 -110.5 42.0 1
1633 -88.5 1.0 1
1633 2.0 -18.5 0
1634 -97.5 8.0 1
1634 -2.0 -19.0 0
1635 -93.0 -0.5 1
1635 6.5 -32.0 0
1636 -89.0 0.5 1
1636 -1.5 -37.0 0
1637 -89.5 -4.0 1
1637 -3.0 -54.5 0
1638 -86.0 4.0 1
1638 -5.5 -8.5 0
1639 -90.0 -1.0 1
1639 5.0 -34.0 0
1640 -89.5 3.0 1
1640 6.0 -33.0 0
1641 -93.0 3.5 1
1641 1.5 -42.5 0
1642 -93.0 -14.5 1
1642 81.0 -65.0 0
1643 49.5 21.0 1
1643 -0.5 1.0 0
1644 78.0 63.5 1
1644 82.5 -2.0 0
1645 161.5 61.5 1
1645 -178.5 0.5 0
1646 168.0 -90 1
1646 65.5 -15.0 0
1647 -163.0 -61.0 1
1647 -89.0 4.5 0
1648 -153.0 -46.0 1
1648 -24.0 -32.0 0
1649 -176.5 -47.5 1
1649 -4.5 -11.0 0
1650 17.5 90 1
1650 -179.0 7.0 0
1651 -5.5 11.5 0
1651 175.5 -67.0 1
1652 -164.0 -67.5 1
1652 65.0 -82.0 0
1653 90.0 -3.5 1
1653 62.5 -61.5 0
1654 174.0 -90 1
1654 174.5 4.5 1
1654 39.0 -25.5 0
1655 -179.5 -71.5 1
1655 77.5 -3.0 0
1656 180.0 -0.5 1
1656 32.0 -19.5 0
1657 150.5 -47.0 1
1657 -87.0 -4.5 1
1657 -9.5 -19.0 0
1658 -170.5 -67.5 1
1658 173.0 -2.0 1
1658 -11.0 -13.0 0
1659 93.5 -40.5 1
1659 174.5 -12.5 1
1659 2.5 -1.0 0
1660 87.0 20.5 1
1660 180.0 8.0 1
1660 56.5 -15.0 0
1661 88.5 -40.0 1
1661 131.5 -35.0 0
1662 89.5 -30.5 1
1662 138.0 -33.0 1
1662 41.5 -10.5 0
1663 89.0 -63.0 1
1663 152.0 -41.0 1
1663 42.0 -10.0 0
1664 98.5 -13.5 1
1664 39.0 -17.0 0
1664 113.0 -56.5 1
1665 92.0 -46.5 1
1665 44.0 -19.5 0
1666 -177.5 -90 1
1666 -89.0 -48.5 1
1666 -90.0 0.0 0
1667 -90.0 0.0 0
1667 -78.0 66.5 1
1668 -45.5 90 1
1668 -90.5 -2.0 0
1669 -63.0 90 1
1669 -91.5 -1.0 0
1670 -86.5 1.5 1
1670 -8.0 90 1
1671 -14.0 90 1
1671 3.5 0.5 0
1672 -0.5 -2.0 0
1672 104.0 73.5 1
1673 99.0 90 1
1673 1.0 1.5 0
1674 76.0 -90 1
1674 13.0 -4.0 0
1675 -6.5 83.0 1
1675 1.0 0.5 0
1676 75.5 90 1
1676 2.5 0.5 0
1677 55.5 90 1
1677 1.5 -0.5 0
1678 40.5 90 1
1678 0.0 -2.5 0
1679 44.0 90 1
1679 -1.5 -1.0 0
1680 27.5 90 1
1680 -2.5 -2.0 0
1681 21.5 86.0 1
1681 2.5 -3.0 0
1682 12.5 67.5 1
1682 -1.5 -14.0 0
1683 76.0 10.5 1
1683 26.0 -90 0
1684 -1.5 90 1
1684 -1.0 0.0 0
1685 96.5 24.5 1
1685 1.5 -3.0 0
1686 76.0 77.0 1
1686 59.5 -2.0 0
1687 81.0 90 1
1687 61.5 -3.0 0
1688 79.0 89.0 1
1688 62.5 2.0 0
1689 73.5 90 1
1689 54.0 2.0 0
1690 31.0 90 1
1690 43.5 -3.0 0
1691 9.5 90 1
1691 12.0 -0.5 0
1692 57.0 90 1
1692 49.5 0.0 0
1693 52.5 65.5 1
1693 55.0 0.5 0
1694 53.0 78.5 1
1694 54.0 0.0 0
1695 61.0 90 1
1695 62.0 -1.5 0
1696 61.5 90 1
1696 68.5 -1.5 0
1697 75.0 90 1
1697 62.0 -6.0 0
1698 156.5 -90 1
1698 115.5 -49.5 1
1698 2.0 -6.0 0
1699 -13.5 90 1
1699 111.5 30.5 1
1699 2.5 -4.0 0
1700 -3.0 90 1
1700 106.0 40.0 1
1700 -176.0 2.5 0
1700 7.0 3.5 0
1701 103.5 14.0 1
1701 9.0 -2.0 0
1702 97.5 57.5 1
1702 10.0 0.0 0
1703 123.0 -21.0 1
1703 13.0 1.0 0
1704 118.5 5.5 1
1704 -9.0 5.5 0
1705 34.0 11.5 1
1705 -3.0 -36.0 0
1706 4.0 90 1
1706 15.0 0.5 0
1705 -1.5 86.5 1
1705 -11.5 -70.0 0
1707 -15.0 -66.0 1
1707 -85.5 40.5 0
1708 -153.0 90 1
1708 178.5 2.5 0
1709 -82.0 -9.0 1
1709 -178.5 5.5 0
1710 -92.5 89.0 1
1710 -175.5 0.0 0
1711 -88.5 65.0 1
1711 178.0 -5.5 0
1712 -81.5 90 1
1712 -93.5 -2.0 0
1713 -87.5 85.5 1
1713 -93.5 0.5 0
1714 -82.5 70.0 1
1714 -92.5 0.0 0
1715 81.0 -9.5 1
1715 84.0 -90 0
1716 96.5 90 1
1716 88.0 -85.0 0
1717 80.0 70.5 1
1717 81.0 -3.0 0
1718 81.5 61.5 1
1718 84.5 -2.0 0
1719 87.5 65.0 1
1719 89.0 -1.0 0
1720 83.5 57.0 1
1720 80.5 0.0 0
1721 76.5 55.0 1
1721 77.0 -2.5 0
1722 75.0 61.0 1
1722 84.0 -2.5 0
1723 84.5 52.0 1
1723 81.0 4.0 0
1724 80.5 83.0 1
1724 83.5 -1.0 0
1725 10.0 58.5 1
1725 126.0 8.5 0
1726 4.0 70.5 1
1726 28.0 -1.0 0
1727 12.5 89.5 1
1727 6.0 0.5 0
1728 -5.0 76.0 1
1728 -8.5 -2.0 0
1729 -2.5 62.5 1
1729 -8.0 4.5 0
1730 -6.5 71.5 1
1730 -4.5 -4.0 0
1731 1.0 79.0 1
1731 0.5 0.5 0
1732 4.5 87.5 1
1732 2.0 0.0 0
1733 9.5 90 1
1733 4.0 22.5 0
1734 97.0 10.5 1
1734 98.5 12.5 1
1734 178.5 -51.0 0
1735 51.0 -68.0 1
1735 152.0 -54.5 0
1736 69.5 -67.0 1
1736 141.5 -90 0
1737 -92.5 0.5 1
1737 -148.5 -36.0 0
1736 -139.5 -0.5 0
1738 -12.0 90 1
1738 -20.5 -0.5 0
1739 -3.5 90 1
1739 90.5 -3.0 1
1739 0.5 1.0 0
1740 82.0 12.5 1
1740 -5.5 3.5 0
1741 84.0 12.0 1
1741 -5.5 -7.0 0
1742 10.5 90 0
1742 -12.0 -23.0 1
1743 -89.5 -6.5 1
1743 36.0 -83.0 0
1744 -79.0 -13.0 1
1744 138.5 -90 0
1745 127.0 -1.5 1
1745 -134.5 3.0 0
1746 -98.5 -3.5 1
1746 -10.5 49.0 0
1747 -88.0 -11.0 1
1747 -26.0 77.5 0
1748 -32.0 90 1
1748 0.0 -0.5 0
1749 1.0 0.0 0
1749 -13.0 90 1
1750 -87.5 30.5 1
1750 -179.5 6.0 0
1750 0.5 0.0 0
1751 0.5 90 1
1751 0.0 0.0 0
1751 177.5 -1.5 0
1752 -92.5 60.0 1
1752 -177.5 1.0 0
1753 -169.5 74.0 1
1753 -71.5 -45.5 0
1754 -135.0 -85.5 1
1754 -179.0 -0.5 0
1755 -175.5 87.0 1
1755 1.0 -3.5 0
1756 -90.5 21.5 1
1756 178.5 -5.0 0
1757 -123.0 76.5 1
1757 -174.5 -8.5 0
1758 -114.0 76.5 1
1758 -168.0 -11.5 0
1759 -135.0 72.5 1
1759 -174.0 -11.5 0
1760 157.5 2.5 1
1760 94.5 -39.0 0
1761 177.0 2.5 1
1761 97.5 -15.0 0
1762 110.5 -4.5 1
1762 -178.0 -3.5 0
1763 88.5 -3.0 1
1763 -179.5 6.0 0
1764 140.0 7.5 1
1764 124.0 55.5 1
1764 2.0 24.0 0
1765 133.0 21.0 1
1765 -8.5 36.0 0
1766 7.5 27.0 1
1766 141.0 -39.0 0
1767 158.0 24.0 1
1767 80.0 -17.5 0
1768 118.5 50.0 1
1768 18.5 84.5 1
1768 5.0 -4.0 0
1769 101.5 45.0 1
1769 0.0 -8.5 0
1770 105.0 48.0 1
1770 1.5 -1.0 0
1771 101.5 25.5 1
1771 78.0 -56.0 0
1772 85.0 68.5 1
1772 46.5 -18.0 0
1773 118.5 27.5 1
1773 20.0 10.5 0
1774 122.0 27.5 1
1774 15.0 -6.0 0
1775 102.5 32.0 1
1775 3.0 -13.5 0
1776 122.0 46.5 1
1776 8.5 -4.5 0
1777 117.0 35.5 1
1777 11.0 -1.0 0
1778 109.0 33.0 1
1778 30.0 7.0 0
1779 93.5 2.0 1
1779 -3.5 27.0 0
1780 -128.0 8.5 1
1780 140.0 6.0 0
1781 95.0 9.0 1
1781 -179.5 90 0
1782 131.0 90 1
1782 72.5 6.5 0
1783 110.5 90 1
1783 88.0 -0.5 0
1784 167.5 -90 1
1784 88.5 1.0 0
1785 167.5 -65.5 1
1785 89.0 0.0 0
1787 129.5 -71.5 1
1787 91.0 -0.5 0
1788 91.0 -0.5 1
1788 87.5 90 0
1789 122.0 -7.0 1
1789 81.5 54.0 0
1790 -134.5 34.5 1
1790 88.0 -2.5 0
1791 137.5 -26.0 1
1791 151.5 -90 0
1792 172.5 -90 1
1792 -167.0 -23.0 0
1793 162.5 -49.0 1
1793 -173.0 1.0 0
1794 155.5 -58.0 1
1794 174.5 -90 1
1794 -177.5 -0.5 0
1795 161.0 -67.0 1
1795 169.5 0.0 0
1796 162.5 -55.0 1
1796 177.0 0.0 0
1797 126.0 30.5 1
1797 94.5 -28.0 0
1798 120.0 25.5 1
1798 81.0 -27.0 0
1799 95.5 -71.5 1
1799 29.0 -41.5 0
1800 135.5 5.0 1
1800 27.0 -13.5 0
1801 103.0 34.5 1
1801 84.0 -38.0 0
1802 13.0 90 1
1802 -89.0 0.0 0
1803 -122.5 43.0 1
1803 -109.5 90 1
1803 13.5 6.5 0
1804 -4.5 90 1
1804 -85.5 86.5 1
1804 0.0 1.0 0
1805 18.0 90 1
1805 -0.5 0.5 0
1806 -2.5 90 1
1806 -15.5 -4.0 0
1807 -176.5 4.0 1
1807 -112.0 18.5 1
1807 -35.5 -18.0 0
1808 -117.0 50.5 1
1808 -129.5 13.5 1
1808 -5.0 9.5 0
1809 -133.0 40.0 1
1809 -41.5 9.5 0
1810 -143.5 63.5 1
1810 -43.5 21.5 0
1811 -57.0 60.0 1
1811 -11.0 -25.5 0
1812 -12.0 34.0 1
1812 3.5 -33.0 0
1813 34.5 86.5 1
1813 85.5 46.5 1
1813 3.0 -29.0 0
1814 82.5 -40.0 1
1814 -60.5 2.0 0
